Taxa	SD_unadj	SD_adj	SD_rn	PH_unadj	PH_adj	PH_rn	NDVI_unadj	NDVI_adj	NDVI_rn	GR_unadj	GR_adj	GR_rn	GY_unadj	GY_adj	GY_rn	TKW_unadj	TKW_adj	TKW_rn	TW_unadj	TW_adj	TW_rn
KSTdGD80.1	-0.615709220007636	-0.873451622495069	-0.904308629065448	-0.325354281064268	0.182198619050547	-1.09735787702522	-0.31874532950346	-0.315674933359552	-0.31082747680767	-0.291994833071607	-0.222642273637208	-0.0957645911206334	-1.12167057307722	0.0613280395156103	-1.60508201890878	0.734333511934343	-0.0628610087697758	-0.00347566693097665	-0.332272424580599	-0.37158803731992	-1.67474983948116
KSTdGD80.101	-0.415072803968888	-0.66561899589382	-0.688240829527745	0.309997175847255	0.797847911433463	-0.470427131219185	0.217330732098251	0.199959419296999	0.180190764059892	-0.0491394029062198	0.0188338191273927	0.0491579833830212	0.361677771640754	1.56672775293308	-0.426409522224686	0.674813157183171	-0.133971304890862	0.044106422643403	0.0253124409544563	-0.0270056963822733	-1.55942310913786
KSTdGD80.102	0.0719246917034521	-0.178228547796133	-0.159885874055052	0.185340189453331	0.663890078012528	-0.459457581794522	0.0187848931126301	0.00177788529296075	-0.0137017969821106	-0.555694043731453	-0.490492940424366	-0.41042838303646	0.571729769829748	1.91546112267659	0.228646823147565	-0.272943982756594	-1.08510715850104	-0.428724945383678	0.501152762333066	0.519297705080725	-0.89508193078557
KSTdGD80.103	0.591880979180686	0.327569096643068	0.165463816166026	0.549546211451349	1.0230998831565	-0.282442156031543	0.310323698479932	0.294824194173205	0.248268040631622	0.339854832158078	0.415294645504016	0.484064044900987	0.788290333928194	1.9662941819681	0.0488047734618742	0.684530738101202	-0.143476637428333	-0.0911935440696346	1.39693701373873	1.31883433244159	-0.0349351531410768
KSTdGD80.104	0.723324250682171	0.488099140829678	0.396080483091871	-0.740548820982566	-0.224991692807669	-1.49142141141239	0.0106677486405239	-0.00844980057865468	-0.0564530923589547	0.109134903785473	0.186947086905381	0.210342549398036	0.302974799497595	1.32145820828404	-0.53843662944353	-0.978436976611289	-1.80735825947904	-1.75934759678345	0.816646759605737	0.601332619384281	-0.754041603165629
KSTdGD80.106	0.357373596825553	0.115402201550764	0.123387364773116	0.357037844952521	0.861420858079255	-0.464857072720904	0.184785205735457	0.174804381644606	0.133338621215594	0.00355623318200537	0.0705964236137275	0.13634400308448	0.836137203750454	2.07983396643469	0.28547028551701	-0.442057277316177	-1.23877705749493	-1.07615075458582	1.34406587131891	1.24715816337326	-0.128715991295341
KSTdGD80.109	-0.0877438396132269	-0.338302288547145	-0.315583659575259	0.307627899014458	0.78359413995138	-0.285358491746505	-0.16944905036217	-0.170569700725326	-0.156978390428479	-0.107887556240185	-0.035404118406843	-0.0373453127408537	-0.54251901695117	0.667339713420986	-1.17748915210491	-0.197503319280525	-1.00621767732836	-1.12256240203633	0.4058061786148	0.379433786724619	-1.00156656518685
KSTdGD80.11	0.303045600817028	0.0620410078788171	-0.0619617984959449	0.534082703720695	0.996917862845639	-0.210147645937698	0.113203114488985	0.0956845979203399	0.0776262300638324	-0.0754719259415496	-0.00888759935452503	0.0502772460205574	1.08330660042647	2.26735628839194	0.415554808363696	0.253670626782212	-0.560326507337673	-0.484560164019029	1.26466908294608	1.17616506926129	-0.0847504985215365
KSTdGD80.110	0.078469363681322	-0.15512869329407	-0.221070474980834	-0.364347861467496	0.109286128076046	-1.07347075349556	0.152916095610482	0.129527246444745	0.0369353103680192	-0.176729736974742	-0.0978638907922288	-0.168263682643661	-0.19932225256385	0.92501154977072	-0.705604630613443	-0.280549573965289	-1.10997756268472	-0.894872762552212	1.14730857487942	0.930346247650618	-0.34017566119232
KSTdGD80.111	1.3818319889245	1.12918550027028	1.04509352858625	0.380462869045118	0.882069026518738	-0.430831451761288	-0.0598099747640903	-0.07257765048359	-0.118128019531283	0.0511459875476411	0.130866786371869	0.0944017281961227	-0.592415156167461	0.805793111527665	-0.841713307010515	-0.241475968217368	-1.08295449532157	-1.08621595018971	0.60409534084945	0.51573936449947	-0.780659434410417
KSTdGD80.113	-0.396704640898213	-0.664222486743482	-0.597978113571385	-0.281199410168496	0.216803275054737	-0.800207936288719	-0.011445157348088	-0.01517208411213	-0.0696080850195374	-0.84956567393763	-0.779219939540377	-0.627583959251496	-1.16238687272246	0.143194319000861	-1.3562845241328	0.0699332157087869	-0.754912650632813	-0.276001008259365	0.0442138606358423	0.0066045403913781	-1.60931730694775
KSTdGD80.116	-0.379639775058169	-0.626337051608621	-0.633933424670814	0.927367024148094	1.42872946188101	0.109274103336846	0.119821502207065	0.0910823125044962	0.0827021449456437	0.0423784250011958	0.119999864580025	0.106460800137348	0.11832406879024	1.32566577531604	-0.429621509303192	0.863902089644083	0.0528250502069658	0.271726943748958	-1.25364182606182	-1.26977515266586	-2.62209045044767
KSTdGD80.118	0.226662369832048	0.0152490931613453	-0.0800624871970024	-0.660321525594573	-0.149286592074146	-1.45022433098604	0.0346319460933333	-0.000350916527248293	-0.0156186796443533	-0.0247152543040581	0.0274771361477293	0.0666386666251862	-0.0357785963037219	0.577210714321092	-1.26080999040604	0.691670605577501	-0.0677053578795018	-0.19593399164858	0.899884326895653	0.470214295387114	-0.683272431514736
KSTdGD80.119	0.482114966373096	0.265440631429892	0.177393038172528	0.150553194447862	0.614559898841441	-0.545554415657445	0.151480721197703	0.123241059981108	0.122550503993795	0.240275594858447	0.299275519525412	0.328961770435311	1.21537295827616	2.38336483989963	0.61008262645838	0.00754472116156863	-0.79243301133953	-0.733088836297684	1.32052459674621	1.22165743260876	-0.123554796293961
KSTdGD80.12	0.817449115219681	0.575319772368915	0.532752880628553	0.909814128541219	1.38207414336071	0.168893550690196	0.139057595642847	0.124992860482099	0.0848347531963883	-0.5347594725478	-0.474527193809367	-0.415417788965766	0.0418342682832549	1.17268521942759	-0.535100156382983	0.107623538575457	-0.706462186772678	-0.585461024880529	0.770530729308753	0.593892603797864	-0.696091859157799
KSTdGD80.122	0.330447968503901	0.100926878854845	0.0133400719589618	0.522712382303359	1.01627636945074	-0.308207916625843	0.185006666409582	0.164971010829158	0.159154774085007	0.0748457232338699	0.142296477262631	0.17434793630961	1.12485490163969	2.10582450656238	0.11420824916065	-0.393184468170322	-1.17312756469861	-1.17279390023286	1.50644104173407	1.36720968300226	0.00584050665102196
KSTdGD80.125	0.172797702763998	-0.0721092049586589	-0.111465146972966	-0.12882707691158	0.3817007980757	-0.917775473630196	0.00677655196775155	-0.0109854848974451	-0.0530096762335768	-0.298024124854193	-0.238260765485675	-0.232107916252037	1.08450542077683	2.0836162514816	0.154017166633251	-0.136543635005184	-0.967086297323806	-1.01431425082781	1.3040622551388	1.13318776994063	-0.26245502276361
KSTdGD80.126	-0.0511095602052552	-0.263230274767467	-0.367090689039418	-0.281477953652837	0.235733727969416	-1.04374311114451	0.154432289346109	0.114933444164119	0.111535075475063	-0.254928611985113	-0.195679959766045	-0.154625789878923	0.110197608221029	1.11875360962784	-0.717689134647469	0.165147492338286	-0.688957096844742	-0.611334767445322	0.964304069098138	0.688613670745429	-0.598328687435177
KSTdGD80.127	0.626881422691937	0.38472519968949	0.217263004422815	0.898764200625065	1.39661616539658	0.123116893594464	0.146133267134466	0.109649938117297	0.0797128936800966	-0.0945891398438087	-0.0305329165417135	-0.0260917234036388	0.823109167621189	1.95453223557588	0.123862819217419	-0.248419514698315	-1.0724530382147	-1.03857414139799	1.15347705222612	1.01957945686792	-0.502003369247986
KSTdGD80.128	-0.0636810851609372	-0.298788633201042	-0.417778409888044	0.802026715092383	1.2820189761909	0.0753532124572556	0.0300851361097945	-0.00606527709589501	-0.0439478525993333	-0.193649377095357	-0.120077201386784	-0.110106564340997	0.455870660695684	1.65337680672888	0.210565616056544	-0.524360957562124	-1.25821635041077	-0.975300414047527	0.426876725127408	0.304709009843272	-0.785944881337098
KSTdGD80.129	-0.0737741576524558	-0.33145806910745	-0.567210494214307	0.153703269474759	0.682952113436243	-0.733914343584605	0.0162064744598576	0.00064286301757735	0.0458096207500393	0.00757841491799968	0.0821382528447134	0.227311531318725	0.573206847494228	2.0779344304671	0.0554520612459549	0.897045591783942	0.0898548910786984	0.352615726675352	0.867330563446883	0.854105553103233	-0.716076540491552
KSTdGD80.13	0.547005385478237	0.303044070797957	0.251942469054459	0.505606023042636	1.00155603982013	-0.249109172675418	0.122129667627398	0.104384788544261	0.0613353979575559	-0.37777448203906	-0.313813069303988	-0.228983933269338	0.569957626074596	1.49832309459325	-0.312218285951551	0.129343520174966	-0.717528335003277	-0.839248299420422	1.11096566667677	0.881817947267314	-0.232019285682507
KSTdGD80.130	0.317693484086344	0.108928012494529	0.0266958114849168	0.547853821853792	0.977248522813682	-0.157291402883079	0.134703201500765	0.114994920446845	0.106589320598197	0.191099936986645	0.253878846192617	0.304248515953853	1.11556813343966	2.06415848475341	0.519840446623894	0.00323374988437465	-0.75661155945847	-0.744605198050282	1.04874159260761	0.9055836553681	-0.27783162601488
KSTdGD80.131	-0.707549330271786	-0.954560436090432	-0.926426938208322	-0.601219092591779	-0.117689280206489	-1.29390698381878	0.0702122537216151	0.0351074073347407	-0.000652775432564991	-0.457929201741231	-0.387439963302903	-0.29003629419782	0.175841021747255	1.3211171262156	-0.621840990573352	-0.527065259475861	-1.33281506028249	-1.27756077705496	0.525735426517972	0.430892837513724	-0.95936709735984
KSTdGD80.132	0.121397970392287	-0.135846321575624	-0.176500145056501	0.530873809787362	1.01005799586307	-0.26511030373322	0.156782089247873	0.144432143101836	0.0720917731311269	-0.614438834689001	-0.546586409367529	-0.598743536445976	0.0521402921633155	1.15129513511105	-0.537709148255146	0.215142427201701	-0.61132437510989	-0.368927158949468	0.459018810960805	0.344568154968582	-1.01548532159664
KSTdGD80.133	0.22597567140882	-0.0323963550260878	-0.0177191803302669	0.748936673430123	1.23079141043991	0.0269916628249707	0.203350589704014	0.198138152468549	0.177124028718176	-0.185219141924206	-0.131877024143197	-0.0355614255089862	0.499129969905954	1.61168558814099	-0.287421358437638	0.560735078466562	-0.263113894875435	-0.201578820378741	0.488205814974227	0.368156900434036	-0.955322629577762
KSTdGD80.134	0.0338575999669852	-0.194191248377577	-0.20355343832356	0.488265351436903	0.956425747825475	-0.149975028432433	0.0503399295894624	0.0197772932414121	-0.00328870454181274	-0.139297125522802	-0.0753436231484259	0.00693539215899036	1.28815588903084	2.20168077220724	0.498116841626079	-0.768202591607139	-1.60018958423449	-1.64918405944619	1.71128954227104	1.50384295260673	0.258930319308748
KSTdGD80.135	0.698751617162061	0.452599100851974	0.42090344823294	0.485110977150272	0.986605632350028	-0.352786318649544	0.115918284021049	0.0906250907294285	0.0674726702977567	0.198875496771806	0.264971798393627	0.333334920419673	0.866564340850981	2.0351228531692	0.277585613120538	-0.736701914860888	-1.54415379843472	-1.48155542866999	1.47162421655216	1.39390574050102	-0.105444381119116
KSTdGD80.137	0.294813340229791	0.0363519308563084	-0.0377308731380977	0.264311597328408	0.753776715732971	-0.432239654200688	0.208026574867383	0.184521007420234	0.107549024711868	-0.425800024462086	-0.350714656589805	-0.3671467203314	0.806901513805609	1.81823731923989	-0.0844495146282018	-0.322235846953872	-1.13734236927294	-1.09892097740699	1.03447645496708	0.859884655451154	-0.436557878070683
KSTdGD80.138	-0.0471656623925306	-0.261572324238622	-0.342930212265182	0.85501090522205	1.35540673192839	0.115591004857471	0.13681965357231	0.114830699218277	0.119532254138382	0.00341969512852097	0.056452397134842	0.11330634112372	0.552898523816577	1.74813880493556	0.210395623450288	1.3051660136773	0.490835370152291	0.718650638422446	0.390598250651062	0.176082203744462	-0.923863711431321
KSTdGD80.141	0.414940568430483	0.1784263847473	0.171060611502132	0.011364368272173	0.453210385682488	-0.343128096180457	-0.263507917710584	-0.261858849824223	-0.250114975456737	0.0690018380360702	0.1333390606978	0.0391488719373089	-1.53368156856629	-0.210056728233852	-1.71445074756028	0.2879901165911	-0.409795616954572	-0.321018784419399	-0.600753449483135	-0.571688466070055	-1.37882263718895
KSTdGD80.143	0.125406499523895	-0.141937269736163	-0.422135472785101	0.721225729961012	1.2146052339237	-0.00226459676296126	0.139290940427971	0.126153712801592	0.0537637496816826	-0.0077407997060451	0.0639649563195133	0.039058866461554	-0.85096308003785	0.457703205611722	-1.31502511016316	1.06852384488486	0.256536872045767	0.510338364646789	-0.0948053247745977	-0.103671459633641	-1.3703992191079
KSTdGD80.144	-0.647586450984908	-0.887046071469677	-0.882694959128155	-0.395116442596585	0.0703706399228307	-1.03532810308484	0.168457542378723	0.140080691663202	0.101723553233607	-0.273842447921625	-0.213157433065766	-0.0982574877554339	0.339567957252729	1.5034718157223	-0.659620613157034	0.678414556052814	-0.10847781814815	-0.13439208517999	-0.26087000782238	-0.361824981673751	-1.7704874246443
KSTdGD80.148	0.35542246899709	0.138044821638743	0.0162582465657555	0.388684299054128	0.851778020710461	-0.340182787779616	0.0952989410111487	0.0739976692273561	0.0232847882538332	-0.325484559070232	-0.273715163536517	-0.234590729975645	0.920442541866144	1.8362161339173	0.0781543629471178	-0.537454147964572	-1.33377240279044	-1.25174046980015	1.13636459791011	0.852785404331034	-0.366563364443128
KSTdGD80.15	0.858905171569364	0.602029285450113	0.412254192628638	0.456165377757308	0.929853864424602	-0.209126329464287	0.264826081598171	0.244557585237242	0.172842515647177	-0.382911469143537	-0.307750974027622	-0.325099086431113	0.488192471015922	2.06712754181095	0.5067188564351	0.205114781975637	-0.624950185022931	-0.682453182173049	0.529698370964364	0.557510989767425	-0.773058582276824
KSTdGD80.150	0.689664543258113	0.442136982155148	0.434568223620312	-0.956423147420941	-0.465346193888168	-1.61728658167343	0.192554924691495	0.189963808637211	0.118591508187608	-0.15499235556031	-0.0810473394757234	-0.0806457491298813	-0.0669121595476311	1.21988685028124	-0.518505902320396	-0.290806803681684	-1.10081902027938	-0.990447964003182	0.250983110325317	0.212906373141821	-0.922184119694811
KSTdGD80.151	0.42777741722835	0.195598124067783	0.0835612387357367	0.969326580807505	1.43308814094979	0.258158622611434	0.0540036501212544	0.0242835621043361	-0.0157796148338399	-0.138245261733525	-0.0711546250441217	0.0125391141805106	0.485428442028069	1.35773846415058	-0.656673185707057	1.04654293285573	0.225641617100305	0.32999827618968	1.01362134729464	0.812903470281772	-0.562325821036882
KSTdGD80.153	-0.624473570583591	-0.851592270930212	-0.930951467478784	0.0509344945791173	0.535658806792928	-0.659500253150975	0.264656774593204	0.242061877751259	0.209153895855851	-0.341251108911451	-0.270892037983051	-0.190275295717661	-0.40021310208176	0.725776550650554	-0.991632862466095	0.479468011702769	-0.359252349467425	-0.247479754603439	-0.883543896819113	-1.08101849482966	-2.4876251125537
KSTdGD80.154	1.27875219202836	1.03590142966604	1.00852668536568	1.78883953170102	2.2658559199309	0.903502727170527	0.182242294236124	0.172110484600737	0.126301279121387	-0.521184607377166	-0.452086346138377	-0.54352461072466	-0.833357101319994	0.456021446766741	-1.11191667376681	0.194264986420943	-0.644592695971674	-0.703175078337318	0.623198123402479	0.512117255875929	-0.770777144792667
KSTdGD80.155	0.107527298151086	-0.135719483322999	-0.156384620467929	-0.355231504487906	0.113216797629095	-1.00072770779865	0.0485133062524226	0.0348640235293678	-0.0476307416551491	-0.580952287221986	-0.513096566085476	-0.541817401270086	0.0269320683643124	1.01862088909092	-0.903916895660539	0.710187543240553	-0.120055910665671	-0.113067333601766	0.398039127244402	0.218172084703541	-0.999284661847179
KSTdGD80.156	0.621805318257065	0.396697637909565	0.291635388981823	0.867280396515125	1.30576580966	0.0840814475104054	0.240904889138568	0.211786776827894	0.16908263783135	-0.209979056445211	-0.141481269727878	-0.143126735057685	1.56567120579834	2.78959927545428	0.673669999306825	-0.978244479286353	-1.79485387418094	-1.69859641149981	2.24925374955838	2.11297444780074	0.781473141026628
KSTdGD80.158	0.151802034094501	-0.0841483267902272	-0.146502050743874	1.07011230487532	1.54957966119696	0.391802000221805	0.020400457717047	-0.015964354806849	-0.0505357193672556	-0.677065045621509	-0.622271822964753	-0.569311207522712	-0.0436950494383347	0.710825391300162	-0.995677876332299	0.295604340347081	-0.502771211820398	-0.426162303827146	0.661848960834724	0.407689795972377	-0.758605322867439
KSTdGD80.159	0.118173718775677	-0.136262517811842	-0.199171825750331	0.797047771956757	1.28339562816587	0.0765926784924861	0.0961566295806443	0.0663455516738631	0.0389787102981119	-0.151647594736263	-0.0826426289455676	0.0235888130389626	0.593890598565882	1.99570030965061	0.0331808247445945	-0.00450550410474923	-0.838748024190506	-0.641187331189207	1.22019554916351	1.1210099134638	-0.214219501766598
KSTdGD80.16	0.37835269998412	0.142759201287201	0.068080850698106	1.48477473919515	1.98257857058116	0.726563214629708	-0.138884700483499	-0.17241279859676	-0.163023350889544	-0.0944118711262348	-0.0163574751561185	0.0281276655686978	-0.0138295309358296	1.46748237507955	-0.550208971353029	1.23757820407422	0.38854905617842	0.417177218013559	1.9999212956785	1.89484550549473	0.682099300153833
KSTdGD80.160	-0.548939584196895	-0.78638195517255	-0.841967420167328	-0.336175773638782	0.136073563963779	-1.01866237300889	-0.0114667738246931	-0.0410263898638825	-0.0673557962041348	-0.185291448239817	-0.124478305009341	-0.0331748208675533	0.293608414382823	1.41888927324028	-0.516698680819314	0.346917315297078	-0.478619809873102	-0.410365472528067	0.0243931439006274	-0.104037533907576	-1.53635870024534
KSTdGD80.161	-0.824586839449166	-1.05717125429573	-1.16993741895983	-0.3931088636642	0.0911155970590027	-1.18697649457115	0.0363309038307181	0.0158711808205828	-0.0230585002159133	-0.336487307603537	-0.273869454323238	-0.251177730982246	-0.278022903108991	0.82557361637582	-0.986888329813849	0.820850801448478	-0.0187335356808032	0.0196804276489575	0.143186772595166	-0.0340798659239951	-1.45001448715275
KSTdGD80.163	-0.3985597632957	-0.62551590465935	-0.690539019539998	-0.983565876729291	-0.49903034879933	-1.7062091556604	0.253950547522984	0.224685589261709	0.209630726454961	-0.156660918322417	-0.0890445035009844	-0.0662029110451722	0.798414161260566	1.68479153988227	-0.15135966134191	-0.537233616836307	-1.37887062500484	-1.30537394956497	1.44145655161456	1.13668705354755	-0.0207642923824222
KSTdGD80.166	0.284513818164698	0.0341795678188071	-0.0467963186327648	0.567447192807062	1.05798616325837	-0.129301148709911	0.164276265012504	0.146994423967827	0.108874984445955	-0.17714796820285	-0.105815848094253	-0.0667542282514077	0.998738867891524	2.05785980186339	0.278199990781841	0.259696402143693	-0.427277122762337	-0.361098101592805	1.2051205725804	1.07406092277344	0.0506978654657202
KSTdGD80.169	-0.673784386651349	-0.899378795941798	-1.02086404999031	-0.859015216988021	-0.337633303123447	-1.79166765116744	-0.0278126995606584	-0.0478680187599525	-0.0992642975577993	-0.231638669969281	-0.166805692519078	-0.170752490594396	-0.0191320999441662	1.08701561495963	-0.787033253641285	0.659551007961775	-0.186477941514128	-0.0519357907870793	1.47453102526218	1.27453191341234	0.381759940669322
KSTdGD80.170	0.116171994041564	-0.142011817499154	-0.2708856462287	0.528894506126177	1.01761882912065	-0.359407023872106	-0.167021705521119	-0.18736829941108	-0.215928624697414	0.0135496078078108	0.0857551886896402	0.168127131128089	-1.00469119868755	0.586522874213823	-1.14989323824421	1.82897520789614	0.990048852687779	1.19776474516507	-0.0700398271268248	-0.150696079670708	-1.56594379626463
KSTdGD80.173	0.089958760788605	-0.126610449888321	-0.143597867705744	-0.534678935689582	-0.0197415708718803	-1.11214218071595	0.0372584885763294	0.00373878369950831	0.00277526592982053	0.0503539281979503	0.118655270621304	0.171627800353422	0.233865260992661	1.02097091063708	-0.993855141357297	0.065610297470689	-0.78157063179686	-0.70075232557296	1.11734005129174	0.753100509156625	-0.39467260471604
KSTdGD80.175	0.439501490320469	0.226447650732133	0.0901583878858282	-0.622660306104762	-0.142584940521467	-1.21227023897811	-0.000438605472806768	-0.0264315841973053	-0.0676616255164542	-0.168387853242354	-0.111228381124979	-0.0989906122935301	1.42177423476863	2.48024541173576	0.658537770134057	-0.416613838194656	-1.21631910372746	-1.30982256872229	2.3699790040546	2.14494087190764	0.781575254117879
KSTdGD80.177	-1.27268002008316	-1.49462613868682	-1.69731727996606	-1.18305839650641	-0.670873043990486	-1.94146159619024	-0.235864952562171	-0.248765132258921	-0.296105789815119	-0.256655360447798	-0.200750159851772	-0.150321201680845	-0.0413120816903116	0.881346226259363	-0.615132844542964	0.236446607984598	-0.569767795562372	-0.445595711823439	-0.526341755986054	-0.748795341852592	-1.95076587236922
KSTdGD80.18	0.290876134045191	0.0491003802143963	0.0299008216395293	0.0873198725360698	0.561530277034903	-0.470604364047201	0.0177587000607736	-0.00962184535527775	-0.0497365517406869	-0.0674932052743178	-0.00384513857010187	0.0881690266856052	0.917709548484035	2.14350771883925	0.410997351229004	-0.418417842081965	-1.225902844606	-1.12826865582363	1.58463572783259	1.55260899521546	0.152827150956132
KSTdGD80.180	0.295560441922816	0.075408142081744	0.00493238778942005	-0.536347246659901	-0.0136404086614573	-1.20085823084511	0.213532866697266	0.196845712619202	0.160404354380623	0.0573333933158866	0.118702127062684	0.1862940143644	1.11158728854247	2.02261797697172	0.0270720898639006	-0.130732771085247	-0.962883445144373	-0.960036782405903	0.482832167206288	0.279299044153407	-1.02735669644191
KSTdGD80.181	0.206549034130957	-0.0326807089573573	-0.206371057471044	0.715176381800746	1.18473033377992	0.064936640855941	0.144236433535019	0.113828044558786	0.0918333619178154	-0.299031414138363	-0.230441221091721	-0.190288259807558	1.16761275206956	2.53920565415984	0.700357049801981	0.371622926508683	-0.434345608215942	-0.485417918108156	1.2226707379699	1.1574016585495	-0.0436055162126584
KSTdGD80.182	0.495977732234693	0.270987204073646	0.106626021218548	-0.191322694809343	0.299255251822362	-0.90155928892609	0.145977453876401	0.123131094078807	0.0916984947574127	0.0166736676863634	0.0837742046426571	0.0894444116217569	1.2032395066844	2.41080813358737	0.524173447463864	-0.655469850367878	-1.48034873574782	-1.47080580393323	1.47901621785422	1.39338086655364	-0.096507569418651
KSTdGD80.185	-0.488026429762256	-0.759124313582341	-0.870490250327203	0.341696086316389	0.873184756903212	-0.452044042772509	0.262359538373374	0.258053233465417	0.190629399764879	-0.0031651866745639	0.0715743415981648	0.190181504664937	0.146237308930258	1.52068733347405	-0.499219965655185	0.0509005230083122	-0.853765853315102	-0.435508892060601	-0.618113214478744	-0.694084086544017	-2.01108964873665
KSTdGD80.187	0.0119530477901014	-0.23611023854545	-0.247852223806797	-0.770800808246119	-0.182833719193305	-1.55740861014144	-0.0483281511713564	-0.113755104465575	-0.0904589605835624	0.0953275325592972	0.179125895398247	0.268591105029172	0.702574298853047	1.84744021866976	0.0601552741082974	-0.00601481162257884	-0.9447793820592	-1.13824430227962	1.26518541481667	0.945540826230103	-0.388258511681724
KSTdGD80.188	0.472048295718623	0.210445558857339	0.127590436693609	0.0419337647804045	0.623865496982993	-0.852807414533961	-0.138696403938201	-0.174165467060965	-0.190784297513248	0.0902511178720518	0.167216766011807	0.221124201389557	0.473711024893584	1.56475495875191	-0.61862572282237	0.984006239098	0.0772247547525091	0.174788438963764	2.06751579273911	1.78377329667395	0.299179610742525
KSTdGD80.189	-0.199438258358572	-0.459010283519039	-0.546845389678862	1.00685165897905	1.57460739190604	0.113861063387291	0.411357273020225	0.378510961754891	0.36229074908621	-0.209470970730279	-0.125115627155313	-0.00355036683045384	-0.0462733138195769	1.04590369480466	-1.26281688484731	0.453277180482632	-0.323596119646043	-0.181344092584117	0.780960389690615	0.596066424600331	-0.690920402307098
KSTdGD80.19	0.504187509114574	0.280900392701158	0.175777964203271	0.490731740678449	0.960143414386592	-0.302228339603713	0.100395346484388	0.0755879766724302	0.0377530631925839	-0.517559735056459	-0.438554746239239	-0.433872624003685	1.26281653339764	2.36795025519664	0.607554868690304	-0.906059355511537	-1.72252241122529	-1.64748826349539	2.16820991138962	1.99684404999811	0.706771418626237
KSTdGD80.190	0.249752518363796	-0.0166715862719486	-0.202572293650606	0.380141652272414	0.894334166041667	-0.560905311508383	0.105015493079589	0.0644142564512678	0.00554989272016498	-0.436148971537542	-0.348629491488833	-0.319281290107971	1.1931301765725	2.4254375281586	0.227927846626687	-0.458051245964449	-1.38186678208396	-1.27757831025835	1.63443626815784	1.42543147585487	-0.0118325647111349
KSTdGD80.191	-0.341638618532688	-0.596791653135061	-0.671035217104108	0.104241423074002	0.572018313739755	-0.536836133453533	0.251195310230542	0.216336694337813	0.180812392515802	-0.446878242798646	-0.341067425251915	-0.154443511038308	-0.290219660461828	1.28246009959234	-0.743591907705431	0.371407942723057	-0.516751454612353	-0.314285592223977	-1.12871536867269	-1.16870329766306	-2.51217093034737
KSTdGD80.192	-0.231772128707345	-0.472618599116401	-0.536634061928739	0.207458272448108	0.675646335384787	-0.464552694005055	-0.016364280931241	-0.0459609391765305	-0.0977300768628483	-0.227672540534141	-0.118167006848269	-0.0212330785353657	0.858550559744263	1.97861616524716	-0.0504665810472331	0.459686286680192	-0.430794133080418	-0.33965200719529	1.43095688821328	1.23620269581327	0.0234294779518309
KSTdGD80.193	-0.186445649208253	-0.440073064793787	-0.500182935613385	0.6786810373219	1.13121260613142	-0.117596915943007	0.229558478525591	0.201889938488061	0.178423885895446	-0.131112707906335	-0.0337662986409126	0.120319895950361	-0.590914889174681	0.822370700433585	-1.02250029207126	0.256935879790235	-0.616875127644949	-0.199220227418778	-1.06122464214783	-1.0847566647818	-1.89447944577585
KSTdGD80.194	0.131649368619984	-0.129586785239168	-0.209181312671283	0.233103888828503	0.720591948581896	-0.398907061526641	0.19298201459463	0.14178921814478	0.0869802221251819	0.107625309002848	0.224874296068041	0.315037861773756	0.95377529487653	1.9020991861641	-0.286921821220033	-0.0697376893479796	-0.869626363212798	-0.834912394786141	1.20272734879602	0.958935014954144	-0.216896537785414
KSTdGD80.195	0.0522551388646463	-0.209765973273765	-0.474731628153222	1.40753934142879	1.82877426477913	0.299685832404281	0.159457150196809	0.136531646810488	0.0141827137813476	-0.799749971485876	-0.688224077958502	-0.546606619251835	0.351958857382057	1.9273954864522	-0.041712648039363	0.386244523998783	-0.469558463974161	-0.680625576250783	-0.580975717741324	-0.620369455750682	-1.80548269069075
KSTdGD80.197	0.297788663961332	0.044503801240185	0.0516319800973507	-0.694274866397971	-0.240271014518855	-1.35204915511889	-0.0131929453943574	-0.0426311548604644	-0.103662649741325	-0.138793920434816	-0.0336403938570231	0.0243153039914753	0.320294570429258	1.12040122001041	-0.920482132785209	-0.514268585796773	-1.39706755067084	-1.44429880242889	-0.779744531622759	-1.02727997236463	-2.20173505426154
KSTdGD80.198	-0.0178391082071044	-0.260798108571285	-0.371921907360014	-0.298560828226516	0.193258614489778	-0.95298797490987	0.0568090276517369	0.0112001201424322	-0.025161364479869	-0.359623661241072	-0.246893878262185	-0.116115550833164	0.853743084163525	2.06909549455038	-0.244353810775647	-0.0574260436031616	-0.923268312178947	-0.847635892322863	1.13608902047323	0.978661870628073	-0.311784262867179
KSTdGD80.199	0.583161019597946	0.305746153597736	0.211998954157567	-0.0780057157027292	0.407449789694451	-0.519083321715564	0.195779128028255	0.151912004699121	0.165276405338238	-0.566452495506021	-0.456992518252784	-0.311997719970415	1.50297434825439	3.28547249716742	1.11176859171179	-0.477510953549635	-1.41439794890638	-1.3770862723648	1.55545684785828	1.52795244809747	0.187751851392553
KSTdGD80.2	0.13838753325031	-0.0958092279007487	-0.20109935502168	-0.258522396340917	0.221115804398667	-0.823263696286394	0.061410185266982	0.0566091189768093	0.0195410909046609	-0.166236345404083	-0.11156487043137	-0.0142831929653175	-0.101423170695159	1.20794962145083	-0.643867260487582	0.424836801921232	-0.415187359159719	-0.409299543233307	0.395335678318067	0.309986067101966	-1.21371614314898
KSTdGD80.201	1.57106402286797	1.3051763420083	1.28869610222599	1.41825046798651	1.86146094539248	0.426141114734185	0.141476876738557	0.1151505114538	0.0220456037184141	-0.390015498512494	-0.266373512242448	-0.605704307588313	-0.994787829896143	0.65616029027285	-1.04948672608911	-0.672807087992742	-1.46155548907886	-1.24881381444565	0.766090784273237	0.658049975266029	-0.370000450238774
KSTdGD80.203	-0.135232921208966	-0.380969796468835	-0.470312699987174	-0.255179788845114	0.230912954967284	-0.798747199662332	0.0890430266502686	0.0438908099129258	-0.0142773394444909	-0.176886221695314	-0.07225129420109	0.0909870840803875	0.462520793509144	1.26020401386228	-0.691872202841906	-0.29456957717312	-1.16604992958026	-1.08249998737963	0.827398542322421	0.56311232008844	-0.572504678316007
KSTdGD80.204	0.168663532358227	-0.0989542446607407	-0.164966073518488	0.742005620087796	1.19510982934312	0.00469461213698377	0.108359331264181	0.0734062557321282	0.038370197786764	-0.0930820569907662	0.011609950450607	0.112318352999106	-0.0696966818535583	1.4531866860149	-0.710087532446203	0.684185912223333	-0.229143223374142	0.0839955641393346	-0.312446598756216	-0.368959629029452	-1.3908806410337
KSTdGD80.206	-0.434935811301557	-0.706008642402907	-0.574164508168754	0.129557095854522	0.574843977575347	-0.157947190002391	0.22084144685772	0.181596789449539	0.0985757839459821	-0.55067804036793	-0.428986544340824	-0.246284628533232	0.583933859323808	2.31841019063053	0.0213318834042605	-0.250264789509788	-1.14145916594418	-1.13155961681317	1.46883490832084	1.49313483551759	0.0860121700622588
KSTdGD80.207	0.492496075076975	0.220425202141958	0.184048903085326	0.454318338766612	0.917268513874551	-0.284082206901318	-0.0863268973115483	-0.136116245767305	-0.197934030081971	0.141388587277515	0.277434997875559	0.341805054498623	-0.708647965755109	0.556979912831429	-1.69367132372485	-0.0183605318628496	-0.952163433616911	-0.799936290101517	0.88039888731306	0.733085490340048	-0.569564695687022
KSTdGD80.208	-0.416959080356205	-0.677586975496815	-0.67452561311557	-0.0206205392851722	0.433068371406037	-0.793114523560536	0.11219141475976	0.0555618441579903	0.0115909629070019	-0.403266200273569	-0.268655256365785	-0.00944405036212109	0.442149297088779	1.96897338715289	-0.340596977378256	-0.649534785124004	-1.55678266714955	-1.4777714371767	1.21479918783498	1.13868850304288	-0.109472611806903
KSTdGD80.209	-0.0892723156898058	-0.346912717939088	-0.437285694264861	0.0265149506400814	0.503628606855149	-0.718554246787631	0.463138207469983	0.398593034834666	0.344929068522579	-0.182894719421671	-0.0505160693098499	0.0384898865951401	1.10963445669131	2.22260837274175	0.0546629539731335	-1.08170572776359	-1.98166072269874	-2.00451054798455	1.02244790138105	0.814704647078325	-0.383219642289634
KSTdGD80.21	0.569748933208538	0.333046272152839	0.185336967545362	-0.116382058081428	0.344618920976055	-0.681178143504234	0.283613414306622	0.277356041770101	0.244731090761008	-0.095554019297728	-0.0345918685858048	0.00643836591846045	0.456449490962271	1.61703550053653	-0.0589574478237171	0.0212964903497011	-0.795924178952632	-0.652172116389871	0.701634210576104	0.624679229559581	-0.79153671446282
KSTdGD80.210	0.212736586493476	-0.0218334394847975	-0.164734667414506	0.436207138985889	0.891489063177356	-0.365909100690715	0.362293968068844	0.298958408630981	0.291247553004831	-0.0767270818125927	0.0262864453080558	0.161315801809451	0.711805479086852	1.10199173401359	-0.890525460451615	0.362887902906364	-0.501239577823559	-0.811138199323976	1.26102390472575	0.85632647554334	-0.572487323525946
KSTdGD80.212	0.0548301267536148	-0.201385181267673	-0.220750210185144	1.37208575148257	1.76720597550676	0.612050908445978	0.188892861396163	0.158812218877886	0.128951958348972	-0.409343070426511	-0.307861433375665	-0.209323891873854	0.0641597739539876	1.42329408732665	-0.560357904059721	0.309953477625913	-0.595092008383364	-0.298022585705386	-0.587335345375185	-0.638191819681847	-1.79620403741929
KSTdGD80.215	0.891713123527983	0.64019035086278	0.390435934131853	1.10106414769173	1.57284741438732	0.0791368851518244	0.239846365624289	0.198402147911262	0.0717698552603517	-0.218565685698672	-0.104433274044888	-0.156470739836743	1.05666034432909	1.84223128821056	-0.162242444652604	-0.16374344912346	-1.09275326364511	-1.17845817426302	1.11024087554682	0.769308124057248	-0.487318545600177
KSTdGD80.216	0.328835203436529	0.057090404800395	-0.0802608439838147	0.127237040905585	0.596069668457781	-0.675155898167606	0.0570437886506221	0.00274938498326301	-0.149060247146698	-0.224662470900967	-0.0766999900072039	-0.0684081262904891	-0.0887486839049031	1.68826703740228	-0.181052390284467	-0.113260574637967	-1.06676758795108	-0.957884872901424	0.865545292811604	0.788500285788748	-0.568133825104442
KSTdGD80.217	-0.165513363537159	-0.425168135109461	-0.438348364452217	0.110312815938626	0.547827178221108	-0.552992581736144	0.215263328001534	0.169555894972787	0.137386369497898	-0.145065537452376	-0.0345766198875975	0.0278741211787055	1.32728745036383	2.42796747998857	0.334403277583001	-0.710947181308266	-1.58333821187731	-1.65256789471294	1.71429803499746	1.57419440575938	0.237483937975876
KSTdGD80.218	0.179848894095323	-0.0890608559641227	-0.227012966743021	-0.283424049451346	0.210014428100151	-1.00717593244558	0.144360172127852	0.0757860017471554	0.0757304494013127	-0.342446767328558	-0.222449925217975	-0.124389771558748	1.54311794115235	2.55943647450404	0.212945064216824	-1.02304040277751	-1.94637766412978	-2.00358678196585	1.23382421350839	0.944775522318714	-0.421242568807775
KSTdGD80.219	-0.663148827096468	-0.91692958362378	-1.00615574246884	-0.675657161084047	-0.19998908297204	-1.13985311350137	-0.0138240145157932	-0.0681212358509564	-0.103791377109228	-0.321865019383313	-0.203362769065533	0.0265774563660763	-0.814679902749242	0.847388644112168	-0.896368314038185	0.807872779889255	0.0535378924495603	0.00218660065879418	0.866435355925478	0.784404848566152	-0.496559139814162
KSTdGD80.22	0.413040896667041	0.201370805494606	0.163044623031199	0.850234337766435	1.34210690918297	0.0908450849991462	-0.037444324909513	-0.0618374802198614	-0.0647578646443172	-0.29259970915458	-0.22403964668162	-0.183363617153645	1.21285496282532	2.27588764874705	0.393713724860822	-0.657328454064206	-1.47388393589586	-1.4114367257614	2.32659136091649	2.1503853625547	0.870561599380275
KSTdGD80.220	-0.296619733625644	-0.528233846076058	-0.554842670651977	-0.34434968725856	0.135666204458554	-0.993857841274095	0.263277022088551	0.234268439072795	0.193914829037692	-0.831072204491615	-0.73424534641359	-0.641216030332347	0.845597610202202	2.07385822780003	-0.0605783557673589	0.223293145235222	-0.668632169232116	-0.680978722214178	0.791533646387263	0.637406221259839	-0.53224833831016
KSTdGD80.221	0.66007230565915	0.4198523748738	0.282286255079565	2.15030816192262	2.61943599915934	1.33153700789716	0.0899768076558742	0.0395882105823863	0.0138759351796205	-0.123284888743595	-0.0122747787786379	0.0829940613315362	0.229349401095825	1.38344306186105	-0.924670390322052	0.13272599868723	-0.798453567650631	-0.621039388624651	2.01185718504162	1.80009424916624	0.629475044643119
KSTdGD80.224	-0.254395814844577	-0.505878253210799	-0.586183473606677	0.0266630562232287	0.518773392221595	-0.718195008368225	0.189782628880566	0.148683034410523	0.190606292198368	-0.0439420549320951	0.0719773466606927	0.321882578238274	0.409212175714504	1.74820123756826	-0.292790053196585	0.23708309318536	-0.695072044468908	-0.239594968597356	1.21920703942612	1.08656066247467	-0.0486835252251921
KSTdGD80.225	0.0431571891249062	-0.213843082895213	-0.321229873609206	-0.102769955901439	0.388192522104658	-0.803783834438529	0.266040170397427	0.230476236503076	0.278354273632798	0.0310063518898497	0.143897983564383	0.36669475882188	0.399012663993695	1.86865164895454	-0.228039368227618	0.306220460192464	-0.621447282994692	-0.234484412222468	1.344865010912	1.21799185269751	0.110858773181998
KSTdGD80.226	0.428472555590329	0.188694069868559	0.0945009685831705	-0.216697387964918	0.222150973259177	-0.823414881098361	0.382429527266868	0.364223579256686	0.31016695597268	-0.365342153060636	-0.278780542188649	-0.236807111262783	0.978852458676319	2.16239760012261	0.221407234265665	-0.228163683041526	-1.10124447517633	-1.11795875870036	0.954415698086966	0.839949998259872	-0.363295887493028
KSTdGD80.227	-0.275263755272177	-0.53484592708348	-0.641428205730356	-0.259571913342068	0.208353267179502	-0.913168562699118	0.153133973242194	0.105564734050024	0.0691740448369515	-0.149422660957949	-0.0337826496915491	0.122879747991145	1.14867182692154	2.90936743264702	0.393281216003961	-0.323237910629946	-1.2240545314148	-1.06981096700608	1.44557546967769	1.43024350520425	-0.00274997805231994
KSTdGD80.229	0.802329704434018	0.562070227685175	0.500029103704353	-0.18282083493017	0.332371180038518	-1.01480302301564	-0.246211362190277	-0.266053461999829	-0.277528981304678	-0.292396789900678	-0.183048642455531	-0.0998240285622089	0.461454490314278	0.933856264422332	-1.05444897976976	0.434387813404493	-0.450453863814594	-0.559171850400795	0.922748904487449	0.541085579265209	-0.538162108948644
KSTdGD80.230	-0.676690952493405	-0.899877080753938	-0.942888466162466	-0.128511438262755	0.324072343159867	-0.761946109502006	0.132366641849381	0.0804656187707796	0.0620464544238047	-0.293203616055362	-0.192661202792948	-0.0805841190443471	0.468637404359098	1.63517704626839	-0.391226080938584	-0.167162687447211	-0.906856393832527	-0.833494483204248	0.97568731221364	0.856971337522096	-0.24793864044476
KSTdGD80.239	0.373289129233022	0.114910865798259	-0.0339399786020663	0.187652690417969	0.673174490432089	-0.469858756708358	0.062381972096114	0.0171238639783563	0.0161733554122646	-0.370949260387648	-0.259591291297142	-0.113797286821274	-0.0832569815209815	1.61461604611613	-0.136509621571743	0.290917227351154	-0.645574798657763	-0.425102019093491	0.976886279280285	0.939541208298393	-0.437270873262268
KSTdGD80.24	-0.12372274725041	-0.346356046320436	-0.425886209695513	0.540108393842913	1.00299082489445	-0.144137014057691	0.403699737816986	0.388608547266348	0.353807814323674	-0.301358172045346	-0.222741773399297	-0.198286920391911	0.506683246405081	1.71458467692153	-0.116572303023354	0.0298977615208275	-0.790202184223608	-0.759232501930976	0.987644290158103	0.823389500153289	-0.403537033359034
KSTdGD80.243	1.07783342429528	0.783283065204213	0.778271979690122	0.496827674178002	0.962405161296737	-0.272768654071119	-0.0849258261716322	-0.0848346353490276	-0.177047191191658	-0.541845282746223	-0.422652932222753	-0.503638794797664	-0.404967059024449	1.05703037910197	-0.906964022095197	0.18857630341619	-0.720440661568484	-0.59682131092812	1.01279357273088	0.932588942934899	-0.360917935317979
KSTdGD80.246	0.297328245643126	0.0860700593623984	0.00919643485254289	0.587499980403284	1.02643113454379	-0.110025600512144	0.181139661720494	0.12993857909317	0.0971585590464872	0.205714098668076	0.322858504305723	0.403114279631974	0.818102187548205	2.18325900425381	0.143861932625505	-0.454879636685461	-1.34895952955742	-1.26396260525504	0.797705778938318	0.704793893119971	-0.54907249724429
KSTdGD80.25	0.00596626728512422	-0.217580270455418	-0.326764930585525	-0.0266775343461796	0.460451559642335	-0.755814065169099	0.134907627315948	0.0948643689213397	0.0911039578713729	-0.217375602775577	-0.142940001437709	-0.0940064330823187	0.754726647744242	1.7408931791375	-0.00751337491693569	-0.719405966426252	-1.58546014535773	-1.51007181345132	1.30756286437101	1.00918800398205	-0.165774993166794
KSTdGD80.252	0.580406298894865	0.31231609275853	0.246513058923515	0.0135849790646523	0.493530297891994	-0.80789867323573	0.112886332884544	0.102485044696065	0.0409684030933786	0.368906693991339	0.474903441988304	0.53177787942037	1.01551525762378	2.05683675734294	-0.0591005996668967	0.104082318525756	-0.792784907109938	-0.85682017681618	0.286495360407694	0.0672416918207197	-0.983649146355922
KSTdGD80.256	0.0781464825624612	-0.184092784562924	-0.249327742315251	0.551785880893408	1.02554731224801	-0.214074627097435	0.308977569803769	0.279489989299813	0.226178229582914	0.121034672654541	0.227055447774154	0.251083311865261	1.00014874476718	2.38209432047413	0.163280629467742	-0.278305026861605	-1.17050197252751	-1.11936363475467	0.721394007399613	0.60631330633889	-0.735012180946168
KSTdGD80.257	0.0989173085690914	-0.151160664635067	-0.214919623101189	0.388025419056251	0.848166259530235	-0.348866342048951	-0.245302169209254	-0.269096655130515	-0.311325495379076	-0.263196400170387	-0.163599710389065	-0.020312619717544	0.635715485425451	1.92097900175962	-0.19065037393013	1.13544922803276	0.257816940995065	0.404195733817421	2.00459368420688	1.88205954872611	0.518944747150805
KSTdGD80.258	0.162682403388011	-0.0902748890083697	-0.137995314248061	0.899228417941656	1.39822130522687	0.243851926832482	-0.178604217877611	-0.239582465078485	-0.253405259454871	-0.439386353972503	-0.333697576839567	-0.197330540731298	-0.200780169077426	0.733945208794727	-1.28412163064174	0.608754559724964	-0.3251867292131	-0.486629592095225	0.271800322805644	-0.0126059236066192	-1.23121900306979
KSTdGD80.259	0.0590139606451061	-0.181264698609722	-0.223789604230234	-0.0817073805148712	0.369684050607311	-0.786879681694134	0.084474692249041	0.0535287536876978	-0.0071206782152353	-0.423100888965145	-0.328492983593986	-0.259186494471162	1.37247135227562	2.71367439505244	0.504910533839822	-0.735253912759919	-1.53083445823351	-1.59165320490062	1.28305863677701	1.17431682601751	-0.232193180347714
KSTdGD80.26	0.873131683862957	0.647647830180858	0.482607616711616	2.30222855551601	2.73784054020397	1.52015622242955	0.186146641443148	0.168177112117221	0.125032588944889	0.0178439657803014	0.087572785347152	0.11331789641614	-0.14116540060542	1.06684297676084	-0.748565663301645	0.763483603355329	-0.0741469397407095	0.0137055901445038	1.59070306260543	1.48219035442507	0.131122146590726
KSTdGD80.261	0.532910180524914	0.272616128329157	0.162183443619923	-0.0322000909269125	0.452105463552232	-0.743340963852632	0.081437639932687	0.049639467381063	0.00605878940763359	-0.145408320431416	-0.0398819162398607	0.200212134703933	1.55274462933518	3.02983775262482	0.627757537427545	-0.87682259912928	-1.79248116693169	-1.69513504934781	0.950033910296967	0.846754412529224	-0.235631046425501
KSTdGD80.262	0.06789664875515	-0.217551298132898	-0.188107177211565	0.723971332583471	1.17503981999268	-0.243785501002712	0.245077232747896	0.209149934962265	0.1260619956705	0.31191279592723	0.432838185580133	0.409759506041313	0.112202777788244	1.73957257150191	-0.389334444333814	0.55647304527248	-0.352451435091492	-0.362924365368124	0.59063656882216	0.628389077101771	-0.309165777184054
KSTdGD80.263	-0.0327815136918536	-0.313364153164212	-0.3611368658201	0.806273808648282	1.26426566531843	0.117080461301623	0.111052903513898	0.0628114923296508	0.00420026904011292	0.0778924621794365	0.194258046264684	0.279791079566521	0.296799871703428	1.52298707878092	-0.513936230291489	1.349847650573	0.46275192223042	0.513393225786463	0.917654890998581	0.797393085307739	-0.621146534050753
KSTdGD80.264	-1.02300958203898	-1.32276145479635	-1.41591796912563	0.326167239009155	0.783014424186257	-0.363545067848743	0.269198001470289	0.232435088521677	0.141035006841285	0.345618104930631	0.463145891773587	0.517176389212304	0.205662359329539	1.65072515278494	-0.581637593052103	1.28494891062667	0.353573545724118	0.382452500557261	-1.03402049834802	-1.12057741290999	-2.34702231377958
KSTdGD80.265	0.529353729123376	0.258884402024459	0.0629646318425863	0.33319798205068	0.798677249705072	-0.280417540386378	0.0690004250914874	0.0419582814704116	0.0220757918965978	-0.0293147742146166	0.0804832734267044	0.183020932073735	1.3972504356078	3.02345176261983	0.763849416687854	0.0750247084197614	-0.81266979682249	-0.748679425519174	1.6623291015047	1.6220967781288	0.245662473994309
KSTdGD80.266	0.840884932303358	0.575090422126824	0.371660765694584	0.15714039388327	0.600299668084563	-0.43128281215067	0.408592397166942	0.361642901049325	0.233325127706756	-0.346088540965277	-0.225107772242658	-0.301155458879264	0.361097010373506	2.0556844757124	-0.455349722797103	0.440365142068012	-0.476569313368459	-0.611586108101126	1.59458962166689	1.53219221613393	0.178480479920693
KSTdGD80.268	0.834586245182751	0.575749093640296	0.450387537726592	1.06095255451522	1.48368387561739	0.342652558698879	0.428163162231191	0.37613653384027	0.331304391275134	-0.471100318697677	-0.342887517268184	-0.209197761620668	1.12793631472564	2.57013142052284	0.453090024806801	-1.15506026206656	-2.08770045837318	-2.00851630839174	2.2889985235914	2.16836436111004	0.848454782082814
KSTdGD80.270	-0.196871200446084	-0.41715183101315	-0.590191819801583	-0.437931574119138	0.0356847853443504	-1.06679765106419	0.202380339101162	0.169621230482493	0.104746089816848	-0.723920552956249	-0.622667336493925	-0.535637743811886	0.379360007970513	0.988213009177674	-1.11415012642613	0.477037497008727	-0.432168865174525	-0.375028663505168	0.0683890566288284	-0.307881423693188	-1.43848003755954
KSTdGD80.272	0.0147869587934604	-0.235155948588142	-0.34181048572729	0.297998203127712	0.761174951363087	-0.243163471114529	0.165286312686057	0.107294798627689	0.0841075942506118	0.254753100783312	0.378947799336165	0.344360086967005	0.307438244808445	2.07225308092617	0.0192245418768449	0.41852712710012	-0.500860970976067	-0.410980265559335	1.65691554038067	1.63300801563096	0.250196731516916
KSTdGD80.273	0.318983811502613	0.103733140246124	0.0676069709662888	0.948077096355939	1.37285353652084	0.322278288382886	-0.123382333299698	-0.167647483537457	-0.138670344352061	-0.412778905376595	-0.314992911524869	-0.267240359987478	-0.667174409931799	0.433141604001684	-1.45172324118853	0.282625954711408	-0.444870659878845	-0.45039047141998	1.60201358090937	1.46531923111033	0.468115412179203
KSTdGD80.274	0.818587725630162	0.542672894921074	0.483921616366676	0.67957793961213	1.11774547227918	-0.0114099697224076	0.303458340490228	0.267272235446832	0.218822357131686	-0.126919558541595	0.000725923989060901	-0.143397088965083	0.350545713864439	2.07545869412242	-0.0313066954073255	-0.211880907109031	-1.14386879613871	-0.96389160524763	0.998857418548008	0.993681665316478	-0.543036539331776
KSTdGD80.275	-0.129701021896416	-0.387852490344811	-0.528081524239962	0.377872367582953	0.845387596254892	-0.339193179354658	0.216083555099784	0.17813473935371	0.122188709497794	-0.0404318553666045	0.0625962131449862	0.165145394136173	0.910859781535628	2.05166408864138	-0.174815162470252	0.314422197178896	-0.592023706517016	-0.659919432542337	1.04234200963703	0.840816652464515	-0.284122420816385
KSTdGD80.276	0.216198755226136	0.00177316362947516	-0.0301771628440896	-0.488770328005525	-0.031748875482015	-1.11733470080277	0.0821274027324626	0.0388903626747991	-0.000223094916785265	-0.233136218040657	-0.153784500353629	-0.131827605193738	1.43199298839899	2.48287312552641	0.551717615379142	-0.956801381831724	-1.78669767393917	-1.72442712594302	1.2123963304367	1.03948325900382	-0.137793642904357
KSTdGD80.277	0.136007453294971	-0.114332944635557	-0.210042112068912	-0.684032552546751	-0.19980911641144	-1.37742298352307	0.0899430361226135	0.0387108317946213	-0.0311169551793031	-0.34361712940591	-0.215738292957148	-0.118350939472016	0.935747638646165	1.96910184746154	-0.11434208640238	-0.361077978526077	-1.26959922023689	-1.31651410006897	1.99971184616175	1.72778813247398	0.554610173679327
KSTdGD80.278	0.906063862219408	0.626284625111819	0.333337887297623	0.198084459307224	0.656120980012308	-0.503075563504274	0.269396655256478	0.224901911474894	0.172456209640824	-1.26463199531967	-1.13496450203979	-1.23077941824977	-2.08040344227888	-0.54500538570614	-2.15822906224906	-0.078351992637296	-0.883517740056165	-0.865499682924007	0.936345250549773	0.802546854693627	-0.225239337740025
KSTdGD80.279	1.28387855270941	0.998132312749758	0.940622145304615	1.0946768494756	1.51287626534339	0.204213072107272	0.507313202067293	0.47719806545731	0.357731648923599	-0.991867362604295	-0.862668617576708	-0.772030853623084	-0.208241820971586	1.58557225768789	-0.936314457757188	0.667356971460413	-0.276497052090436	-0.0215641679840501	0.264230365346896	0.250235513174696	-0.88128742625397
KSTdGD80.28	-0.0982510126018344	-0.353600584941906	-0.35764418202825	1.0809785203693	1.55633328817867	0.446389425244351	-0.172871357748137	-0.189837221745671	-0.21090286747211	-0.554075590951312	-0.472494230450571	-0.383151843413096	-0.134172736101122	1.00861202535593	-0.677217813296981	-0.282815606766387	-0.970915370658966	-0.903234395469573	0.639794756350166	0.581918779792554	-0.520700776900678
KSTdGD80.280	0.0816998619903579	-0.183341608539637	-0.252228821421067	-0.120565020863182	0.364874918032813	-0.829087206316433	0.331151468471927	0.285972850981814	0.253525228679989	0.0224029593687532	0.135847339030933	0.215354931530792	1.22047335647909	2.42990453394187	0.0899150671444817	-0.608638050969929	-1.53169412470981	-1.53524657822328	1.40024375220848	1.18970115725844	-0.212056844017309
KSTdGD80.281	-0.245412599264571	-0.498346598481285	-0.58305968119254	0.0408967491207299	0.526617360666704	-0.655549780181795	0.28197703521477	0.230778693857566	0.208918584091479	0.387703682057742	0.500136679395277	0.636355799729703	0.835963213243091	1.82628425917117	-0.273981269118811	-0.087326752019703	-1.01470201899391	-0.972495661755423	0.594268661765993	0.340284372851112	-0.768370975976057
KSTdGD80.282	0.0883653519490101	-0.177460774191298	-0.299848407776517	0.119235142644977	0.582667983746557	-0.655257906835518	0.392232292878916	0.340274555220501	0.261072882835214	0.117453404127821	0.242746984693019	0.355791588052027	0.82140875703545	2.22435666909327	0.0548175426548051	-0.389220830935791	-1.30070341159535	-1.20169076829636	0.646339511673426	0.517231504382487	-0.746068692915416
KSTdGD80.284	0.362944276146606	0.119739031020549	0.0788679765369011	0.197439207620236	0.687438922812388	-0.685098174253321	0.0163686146979268	-0.0392147157847066	-0.0772997994790914	0.284601040209034	0.38323600515492	0.634881656513947	1.33383590646141	2.15058828638117	0.0642144997840443	-0.426372586727496	-1.46530948449213	-1.68213275236484	1.72465385387551	1.39074375223351	0.0771183049667774
KSTdGD80.287	0.278031385802828	-0.0290972996525369	-0.143406953988	-0.186639186658592	0.307817202452633	-0.856669376163135	-0.133745653299083	-0.155838721455578	-0.179331656468259	-0.803898450789339	-0.688956722567634	-0.442159307943298	-1.41941422667154	-0.170839810235371	-2.31256035988176	1.11668599775867	0.31753821771653	0.373392615654784	-0.720695322593613	-0.862119961864113	-1.86582536638908
KSTdGD80.291	-0.426003517952227	-0.728983468809408	-0.807625380560295	0.77315116122217	1.19928155813698	0.153406119267539	0.11430428954015	0.0916711099802351	-0.00571405099518794	-0.509381418563021	-0.398379005526347	-0.257281902593598	0.0243524844670311	1.53692278474203	-0.564384335662796	1.33513949294354	0.418602795970473	0.338006830610071	-0.694955989496639	-0.753258835455266	-2.17890582429337
KSTdGD80.294	0.205587457297489	-0.0778079394951707	-0.210280520096253	-0.899218375406386	-0.433652991659573	-1.79332975879442	-0.145218242702695	-0.178976713210353	-0.257053846913383	0.458538321148053	0.586586335357121	0.280511044582119	0.510294272927058	2.15681356519839	-0.477234245659086	0.364383837067864	-0.520433500895495	-0.130682865342989	1.58592495335904	1.55129450576535	0.307120725641285
KSTdGD80.295	0.681835959950555	0.440464626863751	0.26405353917698	-0.179905028654489	0.31886075525469	-0.83352587224045	-0.112416408891258	-0.119061989256925	-0.17119530697915	0.588028439385802	0.696346619406054	0.641306529235772	0.335261099687807	1.2590021986676	-0.871168632458497	-1.3570066517373	-2.27216895562134	-2.11954586726244	1.3483445815487	1.04416855244428	-0.151216211657562
KSTdGD80.296	0.281208813964268	0.0336656132175791	-0.0815002085093581	-0.166756357089851	0.277490706230059	-0.90682693704488	0.0767384214885627	0.065769602604441	0.0205682089376892	-0.462491885148003	-0.358461246173087	-0.224609183225301	0.945826511128153	2.14244527494008	0.0505320618198877	-0.944659547554592	-1.86725328346236	-1.76421441953792	1.1749656278263	0.945934052562045	-0.383455615778562
KSTdGD80.297	-0.163464733550462	-0.421245593988852	-0.495256818658674	0.705542623480462	1.16770134201842	-0.0492784670196622	-0.00474034611958811	-0.0156440596032893	-0.0628077253913694	-0.284937358072569	-0.183578610760679	-0.0437371001054698	0.195621800103078	1.22925767076783	-0.838551874688058	1.26017794205786	0.372103306851421	0.509633784001204	0.0135848079433677	-0.178123898664651	-1.34037842033552
KSTdGD80.3	0.106522840217761	-0.132991004956999	-0.239439839372249	-0.765005037404818	-0.3107361091873	-1.5375164877133	-0.168635727838125	-0.184229839946264	-0.205272469221683	-0.523280536273062	-0.456458597665329	-0.410155581965942	-0.17618721119856	1.16517904116822	-0.607537322555885	-0.577109813490811	-1.40561253445679	-1.38910451972068	0.822781153443193	0.757326867581128	-0.729056683206171
KSTdGD80.30	-0.632277220121213	-0.850098843837751	-0.933463032755523	-0.929928103482051	-0.412528907146958	-1.67977985130953	-0.114382701017992	-0.145068373939744	-0.107325302486643	-0.0216660436074117	0.0261074990829695	0.12433753848066	-0.248977674987213	0.53887760735122	-1.34458706587126	0.961237301488424	0.135922672400063	0.278825440786943	0.50544356291355	0.231269546201039	-1.1571408966373
KSTdGD80.300	0.44669258188394	0.148433318362226	0.321448038870698	0.0236896706445518	0.473661480622406	-0.919572799626667	0.279799145908717	0.270152208695835	0.0999419259683158	-0.728458102343296	-0.592471032714814	-0.714676501269081	-0.255479353643167	1.53727037770001	-0.819808862912579	0.122297256635655	-0.831574300888258	-0.954469324135974	0.722489611173661	0.706033629120935	-0.648229830776487
KSTdGD80.301	0.164228266674638	-0.0919394055614345	-0.183753153323798	0.272933374731293	0.763761206885668	-0.471351061115297	-0.48771016534642	-0.523295582686998	-0.543181731631523	0.304460709959196	0.405572329193305	0.437860012616128	-0.540091502567139	0.643576922057389	-1.34451886504891	1.25320275027326	0.345461220561556	0.519535746435624	0.400117978236862	0.213967435749485	-1.02630212031831
KSTdGD80.302	-0.390972264708542	-0.637495015848703	-0.762940375515574	-1.04302368989949	-0.535539425567757	-1.70900331555808	-0.0709491997691994	-0.126675673424848	-0.136881032927665	0.415789115680509	0.524602321246933	0.660183223900963	0.350895286455386	1.44890931657513	-0.519118407625212	1.15757980014824	0.191255430402315	0.123987538052164	0.6802196185486	0.371025452350907	-0.918264424097124
KSTdGD80.303	0.384339049678378	0.134175315913879	0.0210155050572602	0.336624944941379	0.812290958282767	-0.421614267485139	0.213967479724752	0.163669482815153	0.113115316040156	-0.0584442337697314	0.0598198386361553	0.178964927031204	1.13393426087892	2.14634658562138	-0.0285327415995918	-0.146661286569036	-1.07302512495349	-1.0669691384534	1.57768328437331	1.28898348172218	0.0558201128660095
KSTdGD80.305	0.365030177421445	0.0894854636153943	-0.0248208909385066	-0.531146216871433	-0.08251018195507	-0.688840258262131	-0.0822803961651065	-0.112596670298901	-0.33149461190369	-0.693337252019865	-0.562743140219465	-0.689940138162249	-0.613116473267016	1.19273749487626	-1.19379677075553	0.71724055069672	-0.185419847406515	0.150656427537054	0.0522063665491127	0.13725844443606	-0.885117147656039
KSTdGD80.306	-0.711136648302665	-1.0119871413494	-1.06931010313099	0.0259151262934337	0.489442218209724	-0.605446263956468	0.259299456422688	0.239380780683378	0.177109462318462	-0.092647596103084	0.0231241982572873	0.145208549046013	0.250025657364078	1.96122256637557	-0.480612914003749	0.128778120351874	-0.778973088745804	-0.6907151500309	-0.605653842339657	-0.653318046721718	-2.28787494184521
KSTdGD80.307	0.341377737237961	0.060098494844151	0.0490363135096338	-0.0313720522761369	0.416041125923754	-0.766589639553842	0.285979311838809	0.290222551830418	0.164313403566369	-0.393308645766274	-0.278336934104931	-0.348538458259974	-1.05329806676311	0.855232327884905	-0.930479684105767	0.0903221797149861	-0.675444212604963	-0.49332879054809	0.073442446425335	0.148196515767815	-1.03377822250662
KSTdGD80.308	0.974876014565907	0.721443482176677	0.62918318706706	0.439147790510389	0.873992841223899	-0.199283408428738	0.189782644948162	0.145824276551599	0.128600635411267	0.319399510190292	0.407992305784335	0.453767439495138	1.14359506281675	2.32410686510651	0.336471451651745	-0.272348451817218	-1.14612260069728	-1.0944580911632	1.43693112888509	1.31264403495483	0.0316099919075655
KSTdGD80.31	0.0197915972826121	-0.23127571070496	-0.314214188694838	-0.0324238348657731	0.464507453551058	-0.623031477462725	0.125623227852462	0.0904077490007303	0.0999049511288239	-0.113653026573048	-0.031064881324225	0.00878221935091635	0.364774257025548	2.20883385945306	0.461901375397352	0.110449797552156	-0.708606740082539	-0.663246568351697	0.920899019278885	1.01482465640933	-0.546084317073231
KSTdGD80.310	0.618578344240296	0.373084905648881	0.258144656484369	0.564416675370322	1.02746365151578	-0.242479921191534	0.382052971168465	0.32279690817708	0.284341283235222	-0.137417899516213	-0.0121959346243098	0.103686128486288	1.34936713383061	2.55271868507441	0.236621625769618	-0.768940073363115	-1.71434050927578	-1.61727134871329	1.39516906543577	1.17058172278566	-0.117451105713039
KSTdGD80.311	0.844451412666423	0.590812366970351	0.616905705697194	1.17526950108094	1.60568033078601	0.563062345077865	0.463260811211112	0.441007617111102	0.394849657883763	-0.0568118763524162	0.0283124082300085	0.0947293549079635	0.27433854379196	1.11578564413387	-1.04016225861448	0.524999332708296	-0.37655103097673	-0.446037166453753	0.618229810616479	0.32528586737392	-0.742541949946009
KSTdGD80.313	0.118262528887224	-0.160595385195138	-0.30118375330247	0.751952589386063	1.16655603298481	0.114440653627384	0.0369359398402788	0.011138379126072	-0.0599747010061634	-0.740525828712094	-0.635588813140253	-0.565392477619218	0.298892641477954	1.77420114760138	-0.265118516151511	1.18630346979848	0.321278045648538	0.374639126906729	0.219720991359972	0.205752340596536	-1.40453663453683
KSTdGD80.316	-0.874963619040015	-1.13633750621532	-1.15960977007599	-0.114965567641428	0.325850926829097	-0.75643990059519	-0.307938603670688	-0.334546613260716	-0.291996687970074	-0.0881538645324798	0.0171793291349603	0.378445715473035	-0.452801059670378	1.22267172633961	-0.691256809259806	1.93881883734371	1.18378108111879	1.23901232189823	0.792705839327919	0.711578347036477	-0.62036288887397
KSTdGD80.317	1.01590046221304	0.748365990917207	0.69592666574648	0.269799640490618	0.737839936209644	-0.397786826411888	0.0548114065670849	0.0584212608576552	0.0267463908723233	-1.14049460914363	-1.02511628522689	-0.848772135383896	-0.337965227177262	0.553140439449815	-1.1150774394389	0.726742343364143	-0.0427584234163007	0.252229229850845	1.19227921663988	1.04811177534074	-0.130141828145696
KSTdGD80.318	-0.129567513395298	-0.340900868479371	-0.345822561447845	1.27948344744624	1.7474068335427	0.555860736720593	-0.148687597570626	-0.207330461583816	-0.190636055139726	0.23922089453156	0.343312504658818	0.370718113489789	-0.86374823207957	-0.179642127842652	-2.01604893019337	1.3032053541007	0.548201081972607	0.58648709041451	1.18123264974095	0.874879939901387	0.0564186020455724
KSTdGD80.319	0.895802198662251	0.64434248136994	0.586639459783337	-0.343082688238828	0.17536531373607	-1.1786585163978	-0.187455943048351	-0.21518240305191	-0.23999671205965	-0.0722733412227696	0.0405114639303455	0.0457692543468841	0.508179172504591	1.17617931726196	-0.929032088354952	0.384809714494437	-0.537528490440989	-0.655098426805159	0.858967252403169	0.533279644753386	-0.52995271041014
KSTdGD80.32	0.343711754955512	0.143837371974985	0.0951040738189238	0.598718263330413	1.08267393873645	-0.141036393867483	0.217091152644305	0.17621960580376	0.155069225475076	-0.219502438900723	-0.147608139530531	-0.0793632043166992	1.08427016513821	1.67350937820156	-0.107477604566499	-1.07913686977675	-1.93356143217696	-1.96109720639741	2.19045677908197	1.73700884724188	0.66068517053798
KSTdGD80.320	-0.501883584878221	-0.749269999809862	-0.74514473370916	-0.324449286008537	0.132744801869025	-1.03043935403598	0.239984066556198	0.169833170235674	0.153223065716079	-0.215112950655741	-0.0984490762444673	-0.0174843780211215	-0.139532213514953	1.31614010861883	-1.03063910677908	0.22523373806837	-0.613260156529054	-0.541140094586948	0.508525237552821	0.443435892512549	-0.820569813585787
KSTdGD80.322	0.823197411068091	0.533906446685194	0.445969886672823	-0.529693468373111	-0.0558663382701141	-1.12127641186072	0.354998073420948	0.308759842739534	0.278801037880753	-1.11404747505117	-0.986130613615762	-0.912020200689919	-0.876671126695948	0.751904797619847	-1.26899427902219	-0.198339954965129	-1.14644318767108	-1.00485026305455	1.35658429326363	1.2131814356856	-0.091188656806276
KSTdGD80.323	-0.75733330609566	-1.06578400773572	-1.26356477501007	0.795372902815293	1.22326999452721	0.073143116951427	0.199246619642367	0.181362604516868	0.0537332701179285	0.0969573109321977	0.233022258404929	0.250963836250847	-0.04846465922836	1.69263472373776	-0.396486901438207	0.74430268751288	-0.145422282880154	-0.044385027256233	-0.205564027366654	-0.202180537591945	-1.54240968596618
KSTdGD80.324	0.674740105411797	0.404574503328108	0.297582829985999	0.817563899810906	1.28703525104463	-0.00928561669804748	0.293879337675002	0.264215659686829	0.217065539942607	0.336178044367235	0.44286310515014	0.503356046163842	1.25124115345758	2.74864372063385	0.621107203185711	-0.0702591529489526	-1.00984284102874	-0.956106480056316	1.12154690016187	1.02473006533939	-0.291626743434298
KSTdGD80.326	-0.130179500973789	-0.380389989001397	-0.491392364072913	0.107481279798305	0.565149181769609	-0.555423398541523	0.152485093544355	0.112719939772057	0.0555333809800793	-0.0821698574018195	0.0200899872039648	0.138074877431304	0.700577762746273	2.09961448162273	-0.0702040636634916	1.47602301193679	0.556726380235052	0.490094059961245	1.15958154657017	1.04185632220073	-0.318310943450263
KSTdGD80.327	0.75737719084667	0.530745685892184	0.446309748044476	-0.0891465916446244	0.35150941042997	-0.746708825361525	-0.154495469890939	-0.177034057907753	-0.227702986339468	0.0968096565609882	0.188598432532548	0.294374084467966	0.848562254320025	2.07621489040523	0.0542831861861056	-0.26026095032689	-1.11372306280023	-1.23783785731561	0.896662624216334	0.774347662356208	-0.490246242027623
KSTdGD80.329	0.602572687601356	0.337535270634259	0.336039144546513	-0.591857813549379	-0.11551790317113	-1.34895631558262	0.0391148587291688	0.0195616040138079	0.0241299253352388	-0.0196624517317468	0.101548939600942	0.370060013596022	0.659323313190659	2.03389993795464	-0.194634285936535	-0.778435452740962	-1.70539407441779	-1.68975688911455	0.341280098082031	0.219523040686411	-1.01952871508876
KSTdGD80.330	0.604063457858867	0.348846296692919	0.367118278979477	0.384036977889015	0.840707059711472	-0.261305085836705	0.203127444276767	0.173145718958624	0.121077179258661	-0.995071105966941	-0.88428312598835	-0.855065977074329	1.06492485822016	2.25525158222556	0.181818292441138	-0.653353348694004	-1.51374375932921	-1.37909793201927	1.38386037686027	1.21238011433197	-0.0892304998730034
KSTdGD80.331	-0.477171425471114	-0.714780443300722	-0.713043788657275	0.156449756060212	0.596353575899401	-0.482813950269043	0.155960588786027	0.141946572404842	0.0418684458332087	-1.16479037420142	-1.06621443926489	-0.96654888955943	0.595754903513194	1.46168249253932	-0.350993637972208	0.0913075575271568	-0.7513841188807	-0.606593445106595	0.0384498705998001	-0.168747359395579	-1.33906333448769
KSTdGD80.333	-0.222916439889014	-0.483808248803645	-0.501665551230084	-0.879194446389236	-0.389348457483258	-1.5174483540758	0.126956718817156	0.040935543708187	0.0731233210077701	0.184046510280543	0.302188354007684	0.347128874721256	-0.221412801059206	1.23991615872664	-0.845982404186394	-0.225220958780181	-0.960966880339603	-0.868997612569013	0.44181064027224	0.320268087685842	-0.658071494956095
KSTdGD80.335	0.0587990958035922	-0.180701270482385	-0.30127823904024	0.387841209546152	0.860170409606347	-0.476879758325298	0.386374842139866	0.369418951662706	0.312392772131087	0.0251960507215171	0.129758429779272	0.268164737455988	0.694649085590549	2.0710837017959	0.178919833694124	-1.52630933077166	-2.42988803142568	-2.40093294299498	0.112844760750171	0.00634923246491418	-1.28949731550714
KSTdGD80.336	-0.384335324026198	-0.625037384254013	-0.677970423162411	0.732755267595859	1.17275483885931	0.0461784655347993	-0.314165588443322	-0.357068698383369	-0.36935815945822	-0.75269779850143	-0.642654528505115	-0.465102243541546	-0.77217441108785	0.181575015254926	-1.5155384507658	2.01482902406814	1.1330404175492	1.2515900453641	0.0589858986892507	-0.175583471894502	-1.38885553501356
KSTdGD80.337	0.187252557124403	-0.0691210760900511	-0.123275695063504	0.372006141886129	0.763948676938526	-0.317334355721822	0.0421468002832751	-0.00205231036577853	-0.0328481654339796	-0.0322599064898577	0.080793586361299	0.282407528924235	0.862174391794976	2.33640399882805	0.327798906368384	-0.542997651126632	-1.40453013630096	-1.2967881443623	1.30798229470194	1.21716830079083	-0.0577632196845039
KSTdGD80.339	-0.651007411987367	-0.908684586708372	-0.961670208398534	-0.181959613811279	0.280650056612968	-0.908824664833258	0.310836841614741	0.303723302488722	0.196069351169758	-0.291907405717375	-0.185529620963141	-0.0135655904939937	0.857067604560002	2.22858067883259	-0.0767585890044664	-0.461533884900613	-1.34127155962078	-1.36642708869745	0.22521898360006	0.138997498444554	-1.15291182685267
KSTdGD80.340	1.11344310889951	0.837254929618145	0.652569007633476	-0.172825160985694	0.305818549787148	-0.944702048243761	0.181613605028449	0.159035976605216	0.0708638271051809	-0.54577868203099	-0.433771235339665	-0.330111854746493	-0.257333601161313	1.07859979245777	-1.29480623005735	-0.784201919267893	-1.72046695366729	-1.61872649329236	1.97331847194635	1.82719676045516	0.528301613906661
KSTdGD80.341	0.40424993755968	0.135608486644952	0.106155791494586	0.102945836012268	0.588007964758129	-0.619619517457487	-0.0454275378389914	-0.123021996456282	-0.169937879334935	-0.657195917713911	-0.543176618255496	-0.484409537654914	1.3322753522776	2.29016911326678	0.11523940404287	-0.803365384393257	-1.70542586819742	-1.76216329640931	1.46596766091262	1.2035547531246	0.0946633317245768
KSTdGD80.343	0.808655555443181	0.530404244727406	0.385112323060949	0.692677182813743	1.10876394256703	-0.183385805029165	0.514290408870773	0.486285791103819	0.422746726610502	0.185277534612799	0.294247953828915	0.274151636131004	0.478764393173067	2.12605735506204	-0.205601028696908	0.432100170850039	-0.489646003606557	-0.20236564045342	0.471038003154733	0.409739303713715	-1.05739159183865
KSTdGD80.345	0.164191742744021	-0.0989644024281006	-0.146573358185527	0.103951946494138	0.570218412252575	-0.522951327981442	0.420332528234725	0.377200946208367	0.259744680416054	-0.272679291602312	-0.151703127367077	-0.0972343050690187	1.22082799264668	2.75424674262253	0.396457395529938	-0.580866586645923	-1.54778357055277	-1.34301562619774	0.847964006021702	0.752593115613518	-0.759378015518069
KSTdGD80.346	-0.0373601274241397	-0.294581650705256	-0.204009517744487	-0.160192614868743	0.291054403007566	-0.823264724931436	0.145445875567947	0.105291269083231	0.0958496301445982	0.115799946637475	0.224776974078756	0.250676535907168	0.9065916452917	2.36753169388183	-0.0420666716083412	-0.512137426522885	-1.44471689680193	-1.47665449437312	0.634072557785414	0.600791888832092	-0.812584657914006
KSTdGD80.348	0.55088735514393	0.312106633330268	0.244323970518772	0.464310126926404	0.9382032175647	-0.15545736849102	0.268561190221279	0.224597115012807	0.156702030473525	-0.220380200656194	-0.113308253157866	-0.0362169602369024	0.949314460213788	1.83193603221393	-0.0685470702386536	-0.280792494477125	-1.13518269929391	-1.14579763475956	0.967481977721265	0.726324538186864	-0.365937130753858
KSTdGD80.349	-0.291430255725111	-0.574460228917707	-0.619629422224866	-0.254892926210923	0.236834871574697	-0.930042940692659	-0.336726662713123	-0.373973646779103	-0.457066140272787	0.407064948007708	0.528082558660812	0.583523457751308	-0.538849977716632	1.37650272335237	-0.754370252976565	1.50671350354798	0.545467321702731	0.668494992723408	0.328413117299426	0.286267985234583	-0.895992923431924
KSTdGD80.350	1.0072555137786	0.753594902199883	0.625309449256947	0.0118338275286604	0.495255545111271	-0.702039167167458	0.215300776744652	0.16825724802247	0.125973191225229	0.878298097635818	0.99807213016677	1.09282882437035	1.63143042487722	2.78945108821884	0.552199483634559	0.17040840155042	-0.733972605192557	-0.727265697413443	1.58396713306523	1.39554085546375	0.0881703808668379
KSTdGD80.351	-0.198080490127636	-0.465763859245681	-0.469874924532568	-0.441315297675695	0.0185312751223693	-1.10229932162603	0.04187787180476	-0.00775650057615084	-0.0476336050077613	-0.172968230636657	-0.0606169776149637	0.00369172696722052	0.474761959134254	1.70564352589486	-0.616749453715516	0.975719097065295	0.0613956864369154	0.271878704176765	0.556772213157126	0.419064231806653	-0.976343145158076
KSTdGD80.352	1.00698942290838	0.741097356161534	0.64444195489611	-0.165867626203335	0.269234654888442	-0.928796550891127	0.172699518499643	0.162762541111069	0.0367696224975098	-0.518498915813598	-0.414051718723275	-0.565305110123843	-0.187476967725456	1.17665968439004	-1.0179603141785	-0.48096229525436	-1.36921039970696	-1.31700362214928	-0.0343542649124644	-0.142225169361929	-1.38851438059045
KSTdGD80.353	0.06739026180929	-0.205545295437843	-0.263790356565236	-0.284363515358126	0.176792079560603	-0.928199281269789	0.0699661795664228	0.00989100336889972	-0.0253825775262445	-0.0741866942303006	0.0491214709420794	-0.102853704902699	0.484181517506722	2.24749677297829	-0.547750591637443	-0.971912511340434	-1.86320785069237	-1.75924245879278	1.42405283749232	1.42393433462222	-0.069331163940304
KSTdGD80.354	1.03308637678691	0.781709867188661	0.676419781225944	1.71454608860273	2.17550931662703	0.938135025650368	0.592495554220288	0.550506439265071	0.522872519680749	0.520177783585666	0.628388831012608	0.694975273617977	1.11686744670029	2.39146154932167	0.119934636143242	0.533572896305195	-0.406766778576251	-0.408723077695198	1.97680973267247	1.8350735699169	0.482770306628205
KSTdGD80.355	-0.114032566203895	-0.399525558299641	-0.160865623955133	-0.0723643310390505	0.417003483757754	-0.894359475816787	-0.207939850518201	-0.246799237044999	-0.294413654984608	-1.11009114378072	-0.982505620596798	-0.904530878384221	0.509598817760741	2.26645122756255	-0.0621592260968292	0.040979035181311	-0.900077048573462	-0.747510355682094	1.05744585051203	1.02145474437621	-0.259299545387566
KSTdGD80.356	1.69407354418864	1.41319353628104	1.03519574305587	0.380888358407673	0.82429912300655	-0.21377158082226	0.306162340186688	0.28910599818826	0.12606828926092	0.162667608771815	0.270286256074124	-0.00713957192973954	0.521218851277024	2.5855350114173	0.268332537926965	0.400986979310079	-0.473734797466238	-0.33146174686882	0.706689819236994	0.82917611565541	-0.806721281438637
KSTdGD80.357	0.833539843507275	0.5546193619708	0.51247611734487	0.0401738891316095	0.473536269856448	-0.765307534598526	0.133274738414296	0.115659612793494	0.101616071202733	-0.132529517249734	-0.0122163497833033	0.0401923394656008	0.453472048030959	2.03070307878489	-0.13507470431271	-0.846255402938187	-1.72365120512009	-1.6074374197971	0.460977650586877	0.453932218922132	-1.08467471494416
KSTdGD80.361	0.35646962545745	0.0985374357746851	0.0143474538285479	0.843693944894301	1.28980499972717	0.162894588779131	0.152711868167723	0.140864868849652	0.110847716881584	-0.32783605342486	-0.239317869606758	-0.101158267509938	0.203049506843387	1.7680329000407	-0.193970564072804	1.31588286331573	0.443355930239126	0.510606257080769	0.334416470427907	0.267426625080164	-0.896735236661266
KSTdGD80.362	1.0557605889832	0.800260574255453	0.602738999644758	-0.709691682302143	-0.25389770634758	-1.39560441866758	0.319919467845152	0.286614734697384	0.145195769732681	-0.549756554328819	-0.442483431653138	-0.583118792833049	0.684500838749052	2.40856938525455	0.019042800760615	-0.179515409770013	-1.06231367847112	-1.1427228394225	1.18361964846718	1.22553505407743	-0.345163124264488
KSTdGD80.364	0.299502563847948	0.0320798418020398	-0.00925551643186579	0.198525922210253	0.647143729680984	-0.506003422787727	0.0544117858408253	0.0188469844578902	-0.0338076518243328	-0.125340128705981	-0.0130332603887463	0.0497459444595094	1.337590006186	2.62395076284822	0.411905145218203	-0.623089674027796	-1.5156967553202	-1.50886876723369	0.923218741753063	0.814161640388221	-0.457602336408477
KSTdGD80.365	-0.214055465889852	-0.468423279518661	-0.53541359490881	-0.617757727092189	-0.156061441520833	-1.24526603120744	0.225930655940692	0.176679579710095	0.156588539061772	-0.304792375100529	-0.184115674090899	-0.0329104897429402	0.140602176993299	1.77740859260765	-0.442428043408106	1.10515025845452	0.197439747086136	0.314808978087901	0.231785109777266	0.202239654190251	-1.16010711974972
KSTdGD80.367	1.0047327563559	0.739154867349791	0.774707569481873	1.0962645892678	1.53251101971002	0.392524912461847	0.221793039768823	0.20814625383986	0.141150861081488	-0.586758653783276	-0.471255217005651	-0.504483372831074	-0.433461019050999	1.13913020629005	-0.499133843849728	-0.196981177439906	-1.08938277210455	-0.763839884524151	0.684086230728013	0.690494664882156	-0.54185692481857
KSTdGD80.369	0.503660688345017	0.220135225613962	-0.130196811852934	0.0438535606588181	0.491614509610231	-0.727586445759168	0.210010522073442	0.204739083659852	0.0058744569695608	-0.436981519974538	-0.30316472419744	-0.532094583768828	-0.00661354232055767	1.77304813613745	0.311596870780705	-0.936128372577103	-1.89155125752901	-1.72131302408899	0.196630696888215	0.16993242856946	-1.19166454350172
KSTdGD80.37	0.2143632878079	-0.0142862998803761	-0.0299918195058377	0.317589669514591	0.811983473971694	-0.446316020966437	0.0548553859035247	0.021926846283565	0.00795057947625372	-0.0970041134265264	-0.0297484057849375	-0.00841274722756659	1.23563575730746	2.22005902560138	0.302161630264668	-1.17507599387803	-1.99253454045829	-1.94107362066765	1.70575457193373	1.48346822473018	0.15734814407846
KSTdGD80.370	-1.60091778253975	-1.86377335931998	-1.94314319169114	-0.922472095471696	-0.431717830001047	-1.73713916786901	-0.50460005012647	-0.532405565631441	-0.584597061734785	-0.506702785329656	-0.390560023838215	-0.2570377648274	0.0849073732233962	1.35986044423188	-0.915171174636399	0.957681841211641	0.0475657115862643	0.21647090654238	-0.82818133513647	-0.974785089064607	-2.31476704781758
KSTdGD80.372	0.394535716030088	0.111246380272056	-0.297001053893868	0.256415031081204	0.691414387989746	-0.725963992593946	0.332445634913027	0.31615915467545	0.148755458745834	0.104572067396015	0.236805055601323	0.179890875789171	0.82795804060032	2.74106341831435	0.206328601422026	0.840920245714764	-0.0971561792178366	0.0515173990540232	0.789055213994086	0.796140852698267	-0.643096062727102
KSTdGD80.373	0.581365423617588	0.325573584437232	0.163557676259118	0.121971715701451	0.614386135932853	-0.709499128243662	0.0311298521078983	0.0202475690192651	-0.0809969866263988	-0.367205031387603	-0.257778661923151	-0.268676266772793	0.809869252876607	2.0658259982717	-0.245421982586069	0.469529864178774	-0.451728729376581	-0.601756469394262	0.712472637771665	0.544123458981009	-0.779109322867344
KSTdGD80.38	0.109525974848499	-0.129538413692001	-0.161515276721179	-0.229873572995405	0.27912169525369	-1.05406754646761	0.132825429291285	0.100452784668517	0.0487510423125473	-0.350570842623176	-0.278167713895833	-0.18108342520633	0.473539628334953	1.40424162051009	-0.641773885914536	0.552392491213088	-0.296304067091073	-0.21601676935849	0.72466864075974	0.385823672519455	-0.906146120963152
KSTdGD80.39	0.174943403302154	-0.0625479708781212	-0.137061611572273	-0.342578964602844	0.184492575837878	-0.967917111767703	0.177290095621974	0.146339330399757	0.131592594964327	-0.261592956554157	-0.203182395177218	-0.069886513775371	0.0525891924962509	1.28681410109462	-0.407383702686998	0.0135332278839858	-0.824315641275038	-0.654110892481897	0.549018818437446	0.473992328297974	-0.850961924242716
KSTdGD80.4	0.271749594293567	0.0346848038823755	-0.00236470522578395	0.36869612374619	0.848465012296761	-0.418469362093638	0.158193887470047	0.13961926343766	0.1123884106165	0.123107334703321	0.187380013356339	0.239443185179352	0.871907439176724	2.01632049668248	0.185276479570839	0.110425163611594	-0.706858276189086	-0.702407283452879	1.5619666464694	1.43234697782831	-0.0255355747503877
KSTdGD80.40	-0.383320651740797	-0.650631950866554	-0.748892119954687	0.765902918419305	1.22597315942726	0.00792833171006101	0.235872979004894	0.225821967415534	0.178035322958302	0.354617030916463	0.422772077398246	0.594922058581692	0.664680669372825	1.74741380394098	-0.106975354102957	0.843623790604472	0.02725756384608	0.0606319493054484	-0.35216368983663	-0.447464407620067	-1.65231691413592
KSTdGD80.41	0.158130130738763	-0.0903562423094736	-0.135392592464519	0.202677695780548	0.715144144711109	-0.605926963464797	0.121722367201788	0.102021187822884	0.0883813982401915	-0.1536866422515	-0.0907429416343163	-0.0190457654464945	0.680487724882112	1.756286534421	-0.0892638328904143	-0.552843115828236	-1.39557024397288	-1.31374889500554	1.12655340310164	0.951830986305531	-0.255971912179623
KSTdGD80.42	0.804087747568953	0.599357611514273	0.401642710715157	-0.824910200681516	-0.371807387081713	-1.44030800284381	-0.274815110146743	-0.303801029416577	-0.280906258188077	-0.0715154428338355	-0.00663212328366946	0.103963103711465	-0.852496935113313	-0.203026484319271	-1.80720519447024	0.115115725375324	-0.731779585102215	-0.645342157168482	0.738443465903734	0.349874258872624	-0.934977888554894
KSTdGD80.43	0.557576933637828	0.31134902118053	0.272835684373173	0.525092402658862	0.955903387677266	-0.324690782514465	0.232620856585085	0.214498632789789	0.191152283164534	0.0211795236054199	0.0981137610324027	0.120234984750239	0.728426200870982	2.04810416719569	0.135542848211182	-1.03708526068893	-1.83474928009029	-1.71526950204676	1.11100284255311	1.08141500697763	-0.246117879972382
KSTdGD80.44	0.344597221384287	0.104324776627644	0.0302500219684792	0.256636356835097	0.754292468573565	-0.551246404477357	0.190757894424016	0.171882370053612	0.15308551759528	-0.30614880183736	-0.230074068516172	-0.17909502451931	0.344266877671063	1.39232864623938	-0.452462761187084	0.735406110732676	-0.0981128760539618	0.0593873334850749	0.775394367377276	0.569278229509285	-0.851415226818056
KSTdGD80.45	0.0975779921316317	-0.165352312116809	-0.157793505672679	0.757917718399149	1.26841799211581	0.0460568236056982	0.299305693965635	0.289234578121722	0.286584519991115	0.0624409473999666	0.130564931621366	0.203105588696529	-0.164857827747335	1.23053937750909	-0.568001694801801	0.42370968610151	-0.415238624911959	-0.157582135780796	1.47714026971523	1.41064287811815	0.0441067121690368
KSTdGD80.47	0.771202228861992	0.518818530131089	0.368193151687757	1.48369085415093	1.98404221364203	0.698141865633088	0.230267436355775	0.204934309673115	0.155664514728138	-0.190231071372759	-0.114491093076249	-0.127757549856708	0.144160098707027	1.25774055584068	-0.622246087561479	0.26075589000625	-0.542281968677401	-0.373605961884063	0.118405973607308	0.000471913845659903	-1.35290537664369
KSTdGD80.48	0.645898081410042	0.421473046735972	0.280348422645073	0.841703788660571	1.28196491757247	0.134222672972316	0.0681584698616244	0.0490851954622343	0.00691586402671867	-0.0800261680373888	-0.0173174472411258	-0.0824523522668934	0.369590381360085	1.65504129574949	-0.0605508464039889	-0.0130367791816174	-0.818275404234916	-0.745857882506647	0.812250642618636	0.763070236205055	-0.523413039800331
KSTdGD80.49	0.00471987461957626	-0.222102303190635	-0.309303582246528	0.43780325950627	0.90301914626599	-0.264170903360215	0.158042965946708	0.128120426348414	0.109168519807168	-0.356367344311983	-0.285871931519243	-0.222261462849298	0.308172975216794	1.33246989111617	-0.464697088532494	0.0660318364640879	-0.77071549583773	-0.64532820132969	1.16622762393417	0.962321932929825	-0.255893077748773
KSTdGD80.5	-0.274773623734101	-0.499197124613993	-0.5873309474979	-0.249317923355954	0.228431218159162	-0.947063510030769	0.0527683209941516	0.0328719431129069	0.0139521596022587	-0.32707802733729	-0.265514338128718	-0.134849744594607	0.606429847409518	1.49722147251263	-0.317550662788888	0.227263511197871	-0.600659673816023	-0.458667922990128	1.47170314577165	1.28029528954783	-0.00295366661671157
KSTdGD80.54	0.352451826669342	0.112507258935473	0.0260679264323185	1.30208797258198	1.75202893422036	0.576248668903277	-0.164110548227768	-0.189592680976626	-0.208650599854248	-0.248798083675278	-0.167705955494692	-0.116652027266768	-0.152580167315821	1.07407380390451	-0.712285591333351	1.27374865422494	0.486793557378907	0.438476673443098	0.712914687221914	0.682255080872497	-0.562934792162566
KSTdGD80.55	0.0766175091620478	-0.166332141225655	-0.219270341355377	-0.486922979631628	0.0151411438217902	-1.29770821086305	0.0136855841726137	-0.0102452628478015	-0.0672710851766175	-0.200638493429266	-0.129439147983649	-0.0775031326579472	1.08748389457056	2.34916865986378	0.601284649790755	-0.118744784874792	-0.924946573439088	-0.87841015310831	2.07605470699962	2.0441268009561	0.539138240083625
KSTdGD80.56	0.352754218925893	0.0978430755292194	0.00672226994437544	0.0935966358318561	0.592990945754265	-0.598844548771172	0.139561746564076	0.116461825695036	0.0777908756523479	-0.000971098282807963	0.0734653709307062	0.133393357707771	0.661578822330816	1.74007090531591	0.146425120160977	0.049047297597718	-0.7930918675126	-0.746001715396365	0.543249826288104	0.435076575959036	-1.01001639318782
KSTdGD80.58	-0.154945713892175	-0.401877231499848	-0.434958915739355	-0.0608221610350475	0.431322762306861	-0.814608359211882	0.0941115030583164	0.0602328980928122	0.0361738948017658	-0.298968685182294	-0.224670650489284	-0.187095579145581	0.449665837946481	1.71666953756772	-0.263602614865498	-0.557076875479912	-1.39134179037176	-1.34373241229874	0.980658188826945	0.885666054178708	-0.604855510414964
KSTdGD80.59	0.306901696889019	0.0706519251349745	-0.0331996589053194	0.0570969853446468	0.532390748725321	-0.644272293014631	0.202334038129453	0.192027910447838	0.142452545194019	-0.294203947299187	-0.232889217360753	-0.24543053934986	0.423732165697596	1.48311041383712	-0.290871639114096	0.00542689058254316	-0.824313093289569	-0.62424089051452	0.524768031981356	0.361234671668181	-0.821867002593837
KSTdGD80.6	-0.0763911231804977	-0.317295773999286	-0.305913975797206	0.954591611175727	1.43830525810445	0.124651222049647	0.298027703315936	0.28044517055734	0.241219754540696	-0.361264876124629	-0.289208404956862	-0.184901600199451	0.264629404049639	1.25901771515512	-0.512587588043408	-0.235739910250294	-1.0440533033306	-0.933167924016782	1.43731474214883	1.3112128771939	0.0510105480487732
KSTdGD80.67	0.666154468062671	0.418324874431954	0.404003279414234	0.222560289563553	0.693782291346158	-0.492141340777941	0.06405965494114	0.048302423827122	-0.000150090779476484	0.00904297118601989	0.0708388699945623	0.138430328463562	0.950654320213942	2.25904201734623	0.438373724022463	0.0931701473796126	-0.721292715380864	-0.73421852377013	1.54642287690063	1.51291902523415	-0.0821554601910395
KSTdGD80.68	0.389934742091375	0.159062232762951	0.0705435519687964	1.41447564125658	1.88256804784387	0.705324414459711	0.27918752453159	0.265381991412721	0.210151144367839	-0.501986371442658	-0.434795215533223	-0.399332634689127	0.976090381832631	2.08157404072984	0.0892525426270594	-1.038761102641	-1.83746382969296	-1.69315404326682	1.53934823581566	1.43697654168855	0.0638814246610724
KSTdGD80.69	-0.0183141117369207	-0.22580680849912	-0.204924988454733	0.0189043117530334	0.518645973791353	-0.679720004036867	0.0969770726264784	0.0821552687248287	0.0610693332275491	-0.557058373280256	-0.504132247835618	-0.492174154874042	0.58484576740462	1.30373630693528	-0.347831216287732	-0.771027052320004	-1.59163610262247	-1.52519720650176	0.458406903844007	0.210834187954262	-1.07817373504385
KSTdGD80.7	-0.0739362811736541	-0.301995790716807	-0.328692761803914	1.47559393253107	1.95990833400867	0.686372837845873	-0.0453938980285299	-0.0753392885417711	-0.086362762022577	-0.116999509777944	-0.0431173679030433	0.130685651201701	0.422121515400242	1.50750059107362	-0.22241474381902	1.60801563107277	0.779389793059813	0.751846376821153	2.22652369614653	2.07988561246371	0.73130503498228
KSTdGD80.70	0.871473374349432	0.621804933570251	0.517625336774253	0.222252024636762	0.726223522593355	-0.541284417370018	0.147950882552378	0.122839323390173	0.102556186914995	0.194523049921183	0.258816089049007	0.310179305935529	1.26210053857199	2.58403314597531	0.71309956847417	-0.85161709885434	-1.6768677331868	-1.68890364257703	1.22717759507223	1.13007532484448	-0.255372107938757
KSTdGD80.71	0.0477022626590772	-0.18393629755893	-0.280913560041409	1.11877781176003	1.63317949556826	0.399141137247827	0.0893507899950601	0.0709302421428691	0.0395835769652873	-0.0775138324638197	-0.0106601103539949	0.0798411173081663	-0.787008035428097	0.567005003305336	-1.12494884799211	1.44776817707676	0.602033523261189	0.675890502395217	0.496845247128035	0.401049118985272	-0.819273305538282
KSTdGD80.72	0.188027677372647	-0.0529797835790124	-0.214650367864543	-0.677929348490091	-0.198274928286224	-1.36958430625271	-0.0807092738737262	-0.0991211428372799	-0.148113015716971	-0.122374251716249	-0.0473040891668323	0.0307567559482838	-0.470208899775884	0.856578375533204	-0.790325342651285	-0.629456831724188	-1.47875100699512	-1.37251999623433	-0.116885044134858	-0.202713440910054	-1.56117810054792
KSTdGD80.74	1.00445793094653	0.779693906363771	0.751989191051986	0.458704408549271	0.921788532075351	-0.218087665764965	0.202282617790657	0.178393915445147	0.18024960205167	-0.152375705414664	-0.0858674351672361	-0.0553329840262965	-0.320163846350819	0.682434890333124	-0.969397404457086	-0.219504378373451	-1.05980465231798	-1.07221639942945	1.65588547480943	1.38392416068437	0.344627379982427
KSTdGD80.76	0.0236153600987781	-0.204465524855028	-0.207396786844642	-0.956855981917887	-0.4349236919421	-1.67037188788385	0.0801758861891036	0.0418060659046999	0.0502029717148145	-0.143291738741552	-0.0817955176279744	0.0139289516008375	0.161458794952437	1.03286114698767	-0.476488691170018	0.319302891765132	-0.486828626726562	-0.335612218979639	0.404882668764839	0.175742334449516	-0.977445023023942
KSTdGD80.79	0.919138447226515	0.660508037415521	0.666574379987816	0.131953231792497	0.640454224516214	-0.750732733631149	-0.0439898274734242	-0.0657972276418304	-0.135997387263427	0.0396150852662206	0.111035366292453	0.11244997293021	0.054054595472739	1.16807878311082	-0.900251048816734	-0.74562769061118	-1.57496288174689	-1.61680677041931	0.447275805504061	0.306615016133787	-0.893013084470225
KSTdGD80.8	0.581417837951227	0.332870083990947	0.339779119507298	0.243191107342179	0.735998987595082	-0.777769960224422	-0.446733874503564	-0.4558707430664	-0.473632712230004	-0.153406904151293	-0.079580183694693	-0.113638127799613	-0.470645427635793	0.982713761684613	-0.884842342270396	0.746392044750162	-0.0680098004899941	-0.431663400276879	0.333833420804072	0.421368282470466	-0.638901364452535
KSTdGD80.80	-0.0948002374591239	-0.316421656723883	-0.300108643644695	0.0625468160848632	0.562444060896163	-0.730941266947257	0.0663116001541085	0.0426285114499003	0.068574942730438	-0.13150140247807	-0.0598844627025689	0.00653594682491222	0.471162906996001	1.55554688375863	-0.132838079734017	-0.3145550257042	-1.14847324655837	-1.1201676988645	2.35755981737675	2.18778795651712	0.985165965347529
KSTdGD80.81	0.781116725507578	0.539203793298429	0.484643290770194	1.01041768285125	1.51374857672854	0.293733269683565	0.221345426743235	0.19726898874625	0.206591608414887	-0.0376556098774438	0.0224867652708881	0.0932103885172251	-0.200136111516344	0.776274372118456	-0.948721190237637	-0.0938414595351135	-0.809752913220271	-0.783894744287209	0.658990696696047	0.457260778863216	-0.741776360726978
KSTdGD80.82	0.772021762770195	0.518226938329504	0.442317649551399	0.441508549815636	0.90400117445716	-0.254170124989327	-0.175615674191137	-0.185794226201381	-0.223783681023207	0.04322477904043	0.112459185594005	0.262103410170411	0.109613514558307	1.24204963312373	-0.487897812130881	0.627560733625303	-0.158423279307956	0.0646007711968388	0.562606656569042	0.527886967348982	-0.725277497423362
KSTdGD80.83	0.447558112024181	0.217501712987063	0.140200342155798	-0.369533057306478	0.107496655779121	-1.18613082169064	0.108855736879991	0.0880826092330062	0.0609481393291735	-0.129545094327122	-0.0557623910618572	-0.0825631850991208	0.379613280535634	1.33868360185918	-0.58440849948058	-0.896571879569961	-1.72378407593731	-1.70351579663443	0.70917469130861	0.495585456899591	-0.825094663664935
KSTdGD80.84	0.1731739065245	-0.0781052175139915	-0.113695945521466	0.486620181647139	0.974550584666579	-0.189164979312233	0.179367986246944	0.162542573048261	0.126318770224201	-0.14256577400127	-0.078179244347121	0.049609126916537	0.849011721265624	2.00721122113117	-0.0301316071680644	0.882491175786553	0.0772959431572243	0.17721564579653	1.85228906517098	1.77821348250113	0.51910707502981
KSTdGD80.87	-0.362031430316199	-0.585185158184712	-0.667615123771011	0.676474690727789	1.14551292557277	-0.0719335207940289	-0.126983768593161	-0.159536684872512	-0.20127052593326	-0.54344356681472	-0.466952291118569	-0.425013487538504	0.499054559347952	1.5903129114797	-0.3375158349732	0.536680115232052	-0.286066123992638	-0.362445439857744	1.39055725191588	1.24022014535056	-0.280526294983084
KSTdGD80.89	0.258036196066301	-0.00169325687348477	-0.00229100301764367	0.107795570954284	0.596717077231844	-0.57888283886284	0.0680428613302894	0.0455338634165549	0.0182053074159587	-0.301741424924559	-0.23151019098861	-0.186052923919232	1.18182731354063	2.43941271349128	0.588692111233644	-0.84761276101171	-1.64505216230693	-1.70129625501678	0.919923525971402	0.816516314808741	-0.577895197536164
KSTdGD80.9	0.0166019382865774	-0.218269710248643	-0.28042395850441	0.746425591506662	1.20740946795566	0.0220694347674448	-0.10220655904854	-0.12337351130868	-0.151018684841621	-0.343342304410993	-0.279061339415035	-0.273292854751822	0.129718070016826	1.24540432282144	-0.706252802175789	1.02122717387488	0.200921574912996	0.184460041906498	0.655618571613103	0.492640075366204	-0.968783210457477
KSTdGD80.90	0.161951564157121	-0.0885501102166628	-0.0470584399911105	-0.339862238116754	0.183518561908822	-1.08765010122483	0.177039491202594	0.15272376511298	0.130130293979789	-0.19376947623687	-0.11245855520911	-0.105810484594526	-0.276162284605632	1.17808933859869	-0.447558594122842	-0.867767092512325	-1.73639713614619	-1.65303245329048	0.186924759234145	0.0926546674061268	-1.36016320716477
KSTdGD80.93	-0.136763484810235	-0.38398862876045	-0.433767476808146	0.630525341753093	1.12121518245911	-0.194945525973891	0.111807112982896	0.0830151780888493	0.0256401319814245	-0.103198749136344	-0.0285518207770367	0.0035265896293387	0.682659173300258	1.80724859182907	0.0192144425524076	-0.269161024212411	-1.08753207329847	-1.07786052926183	1.02539295273468	0.880389690813502	-0.329250451294745
KSTdGD80.94	-0.742642061363811	-0.963081517075269	-1.01794845838889	-0.0204252801588641	0.454776411654105	-0.71127706039744	-0.064817350171814	-0.0941019591646629	-0.135873544899489	-0.471323918209812	-0.40922766273025	-0.380894047603534	0.805227241398326	1.68152532726624	-0.181966595039735	0.165349657714214	-0.658541754367622	-0.731369237091268	0.731424252865242	0.540741757042732	-1.01281073015231
KSTdGD80.95	0.207607883088023	-0.0469296798079644	-0.0353157098067409	0.0642973898198681	0.562750950542215	-0.725339656894941	-0.116293363746332	-0.134263743243274	-0.14120221074898	-0.0714127440493729	0.015518999363604	0.0556869245401877	0.0390111962092713	1.30171488296042	-0.66210967968342	-0.198032736023342	-1.02466036788829	-0.914384449773183	0.902795971750189	0.776028409864068	-0.461903314248376
KSTdGD80.96	0.59496846194711	0.365615709792754	0.264795031731099	0.367243343017305	0.861067041351159	-0.276616793073966	0.102034091097241	0.0932679210403663	0.0777653176137036	0.0631930999544734	0.133123965940089	0.129236127748411	0.933761311952522	1.99778973376889	0.0566009005873118	-0.688367590472852	-1.51217970599315	-1.60056333969394	1.31496262094653	0.999279699970635	-0.313607998720922
KSTdGD80.98	0.365051227738069	0.123459308903565	0.138307640837241	0.314882845477859	0.777044280508177	-0.424597833593976	0.206832324409356	0.19477093733832	0.145958616898288	-0.0179370262783194	0.0523707832355289	0.134944872225816	0.851353171126588	2.03702738547451	0.282775282756002	-0.39955196574142	-1.21346660549098	-1.06797520952322	1.31642756309786	1.2121950659067	-0.16376524290227
KSTdGD80.99	-0.0463085368978455	-0.289597071712115	-0.367883488351054	1.01512213866764	1.52834059874026	0.223013999671482	-0.183635919269999	-0.209162463089102	-0.232393207622575	-0.0697262314614469	-0.00253446838738722	0.0414211364458101	0.153176078853413	1.11135718159613	-0.6865989215214	1.11834106900367	0.321651548209026	0.309782138011783	0.14796117491749	-0.00226359758951765	-1.34085515989302
