Taxa	SD_unadj	SD_adj	SD_rn	PH_unadj	PH_adj	PH_rn	NDVI_unadj	NDVI_adj	NDVI_rn	GR_unadj	GR_adj	GR_rn	GY_unadj	GY_adj	GY_rn	TKW_unadj	TKW_adj	TKW_rn	TW_unadj	TW_adj	TW_rn
KSTdGD80.1	-0.687847459	-0.967300182	-0.798131476	-0.72179327	-1.008648349	-0.812691084	-0.338363786	-0.36946589	-0.205834191	-0.295847043	-0.187173093	-0.392183558	-1.75911161	-2.107142336	-2.090310054	1.479381648	0.955418898	0.573783662	-0.591679955	-1.710886984	-0.797130972
KSTdGD80.101	-0.497085287	-0.773472197	-0.577074302	-0.062672264	-0.346953655	-0.198289506	0.16886893	0.15985267	0.274997567	-0.052793354	0.054563959	-0.243103809	-0.244613738	-0.544641337	-0.894099252	1.405304139	0.881979518	0.603092108	-0.215799323	-1.291799057	-0.701269228
KSTdGD80.102	0.002708729	-0.297637442	-0.054148495	-0.193395227	-0.464077601	-0.195579697	-0.034586207	-0.042838647	0.092053381	-0.554651932	-0.453111127	-0.722047741	-0.034694132	-0.207206585	-0.253622024	0.453818159	-0.064714296	0.149923047	0.261813786	-0.765658078	-0.026812361
KSTdGD80.103	0.513346025	0.222453597	0.276021279	0.16521422	-0.118383635	0.000852789	0.263791247	0.238891291	0.362267714	0.330980693	0.450377073	0.168528176	0.148118156	-0.217812951	-0.437713365	1.425634102	0.894550084	0.478912367	1.146587306	-0.016499029	0.866372245
KSTdGD80.104	0.637866874	0.376662559	0.496618775	-1.138240097	-1.406366922	-1.203957886	-0.039298396	-0.057688623	0.054265954	0.110090677	0.221184935	-0.096460515	-0.324357839	-0.850583742	-1.027384093	-0.243993544	-0.785736905	-1.188833424	0.567476294	-0.736134169	0.142143579
KSTdGD80.106	0.278395162	-0.000559871	0.234454828	-0.02526309	-0.326733523	-0.183280561	0.142244276	0.129457559	0.222898658	0.001402064	0.103707135	-0.152981964	0.2146418	-0.054703777	-0.19167024	0.274677324	-0.248809037	-0.529214739	1.092433959	-0.059914876	0.753388189
KSTdGD80.109	-0.153977745	-0.44096611	-0.198682349	-0.091033432	-0.406358735	0.011712712	-0.202190398	-0.230903253	-0.05975949	-0.117437949	-0.003562558	-0.361920089	-1.183968201	-1.519647919	-1.667302666	0.541148694	0.014389642	-0.546380853	0.150629055	-0.94934854	-0.114400375
KSTdGD80.11	0.237617708	-0.034402889	0.058615139	0.161154624	-0.125447494	0.059554808	0.073706704	0.059612974	0.173828527	-0.086379227	0.026850307	-0.255810065	0.455748314	0.139963304	-0.057352685	0.994835198	0.46360766	0.082378615	1.008769973	-0.135689767	0.799619465
KSTdGD80.110	0.006043368	-0.257797892	-0.120913704	-0.744659735	-1.019181572	-0.79719789	0.112147507	0.075127361	0.145031451	-0.178919432	-0.067908544	-0.482556979	-0.827019238	-1.209652016	-1.192588736	0.444294714	-0.104109295	-0.331533155	0.920591351	-0.311779949	0.494985762
KSTdGD80.111	1.290225521	1.01277042	1.158423472	-0.021657057	-0.30457404	-0.158494531	-0.104269834	-0.126354976	0.001158566	0.038776193	0.169077401	-0.228610461	-1.237294544	-1.388324254	-1.322576712	0.505555801	-0.061390471	-0.510261708	0.342043594	-0.789074022	0.103478984
KSTdGD80.113	-0.473277586	-0.764153375	-0.484740302	-0.680747527	-0.977753109	-0.52659149	-0.050590987	-0.065336368	0.027726065	-0.850325671	-0.745988402	-0.920574178	-1.78194892	-2.022820841	-1.837087917	0.819553002	0.283176585	0.320950491	-0.207268521	-1.340253603	-0.709453126
KSTdGD80.116	-0.458480456	-0.733542047	-0.519716975	0.544780103	0.247472171	0.385291216	0.072360362	0.040684485	0.185769226	0.03292882	0.156803276	-0.20689218	-0.504204701	-0.82396958	-0.904749094	1.586957139	1.061443528	0.837478566	-1.491839464	-2.552865569	-1.766572933
KSTdGD80.118	0.146503353	-0.103279049	0.023414783	-1.049108168	-1.328729142	-1.1811651	-0.007500437	-0.039718566	0.077639148	-0.03236434	0.059489931	-0.201884132	-0.667364448	-1.601140815	-1.745277759	1.339128972	0.829944071	0.314292461	0.661062865	-0.817502988	0.22238739
KSTdGD80.119	0.417080754	0.155528868	0.275308566	-0.207382235	-0.475255976	-0.289630062	0.108929245	0.080978155	0.217792622	0.233076097	0.33288143	0.052975356	0.607346351	0.271940608	0.145987802	0.710998144	0.193820549	-0.184320078	1.085921176	-0.05104658	0.735582973
KSTdGD80.12	0.747380609	0.463033062	0.65198215	0.530556945	0.236247824	0.435452539	0.100803083	0.081852774	0.189259208	-0.540798766	-0.440040834	-0.712201732	-0.579634494	-0.958114348	-1.009819791	0.824719742	0.283247754	-0.02499259	0.514791451	-0.716119867	0.186962298
KSTdGD80.122	0.254426809	-0.008554039	0.121762304	0.123789939	-0.173715006	-0.035320396	0.143752491	0.120364034	0.2540561	0.073139345	0.17663364	-0.12008403	0.498010041	-0.059767422	-0.368880547	0.318384497	-0.191472224	-0.625339955	1.27455736	0.112873463	0.849312841
KSTdGD80.125	0.086806992	-0.17898991	-0.004874482	-0.512665398	-0.800176545	-0.634798086	-0.02735374	-0.059169211	0.049715189	-0.306323306	-0.204043277	-0.522918601	0.436692346	-0.106868665	-0.327785893	0.608277655	0.073808009	-0.43626603	1.062668112	-0.198153375	0.630410206
KSTdGD80.126	-0.125459382	-0.382819007	-0.253027722	-0.670423694	-0.942969422	-0.771970384	0.109869095	0.072450655	0.220964052	-0.251607161	-0.162031795	-0.455558359	-0.51724776	-1.04608269	-1.197753389	0.898662063	0.335369345	-0.031509179	0.72041266	-0.592440855	0.260676565
KSTdGD80.127	0.546277487	0.27405757	0.337919262	0.508882206	0.196374623	0.401998355	0.095485091	0.061851152	0.194259504	-0.097578816	0.013411214	-0.341865061	0.187569884	-0.233864285	-0.356371664	0.489337814	-0.046355777	-0.466742287	0.906027971	-0.307526255	0.400722457
KSTdGD80.128	-0.135585738	-0.409020819	-0.310329325	0.445765223	0.167802336	0.325360437	-0.016879601	-0.054031341	0.061950943	-0.197777667	-0.084902548	-0.440791659	-0.091708925	-0.260263176	-0.218147375	0.126539208	-0.363644991	-0.477749493	0.224626097	-0.771365333	-0.070053141
KSTdGD80.129	-0.160618279	-0.434942688	-0.448715357	-0.220061484	-0.505857466	-0.450867684	-0.029004156	-0.058454086	0.152098596	-0.003347736	0.118885572	-0.093988006	-0.057743719	-0.106434007	-0.436123287	1.626316574	1.098853672	0.917409512	0.621566858	-0.440637196	0.153394216
KSTdGD80.13	0.473773688	0.185683527	0.374407783	0.11401194	-0.190023199	0.032409332	0.077811749	0.058864123	0.179517473	-0.383026845	-0.275081822	-0.545962087	-0.070111216	-0.69300557	-0.798114659	0.876814483	0.320952205	-0.247825952	0.858816145	-0.420850771	0.651564971
KSTdGD80.130	0.243330857	0.007237106	0.127515188	0.201789497	-0.066351414	0.072520759	0.091446677	0.076198556	0.187355069	0.186734167	0.277816793	0.057465936	0.574107758	0.165791296	0.103804162	0.712927938	0.204753539	-0.194574113	0.811217459	-0.317563763	0.540455624
KSTdGD80.131	-0.783754701	-1.076180561	-0.806798186	-0.977426956	-1.254740718	-1.037265016	0.007446176	-0.004062348	0.110079617	-0.456317421	-0.354951459	-0.60418383	-0.442526581	-0.836798984	-1.100300176	0.20392231	-0.321680048	-0.710421783	0.270459514	-0.867024057	-0.083765296
KSTdGD80.132	0.034409089	-0.234822819	-0.067979691	0.130162818	-0.18033391	0.011938597	0.122086952	0.086037009	0.190058252	-0.630845981	-0.50798216	-0.922775512	-0.592045105	-1.037751911	-1.022351882	0.954867022	0.41827858	0.206851273	0.216940722	-0.978177984	-0.126329604
KSTdGD80.133	0.152780194	-0.130113451	0.096379045	0.361650896	0.03868234	0.301101424	0.180005605	0.142459999	0.286685305	-0.198520284	-0.085025059	-0.347860311	-0.135801	-0.572516725	-0.771112308	1.300044569	0.752623422	0.377336538	0.241441904	-0.935815714	-0.078581533
KSTdGD80.134	-0.030155492	-0.302835521	-0.112500345	0.134194123	-0.149926268	0.101400017	0.003564297	-0.023388497	0.096503147	-0.143704344	-0.049552146	-0.275108793	0.672414055	0.10751354	0.029658857	-0.036248312	-0.580108234	-1.068958105	1.476127572	0.238477029	1.111450938
KSTdGD80.135	0.6260746	0.3335444	0.521665412	0.093901939	-0.209168251	-0.088112417	0.069082017	0.038081916	0.172623494	0.190698054	0.298200875	0.031110609	0.232337622	-0.14239812	-0.212854502	-0.014174542	-0.537124862	-0.911949116	1.229550447	0.091938221	0.778619279
KSTdGD80.137	0.210534022	-0.063357769	0.079199771	-0.135460734	-0.427630219	-0.149264682	0.150900719	0.134558884	0.221247664	-0.430919298	-0.314146535	-0.690674885	0.164148348	-0.359311041	-0.569289646	0.409384639	-0.123611139	-0.528583407	0.779057957	-0.45905925	0.447763144
KSTdGD80.138	-0.116737677	-0.381816373	-0.237240509	0.475112966	0.185116227	0.385046273	0.097139415	0.067264815	0.213973156	-0.007163417	0.093564401	-0.139775273	-0.056711344	-0.351827175	-0.259244081	2.019278346	1.478382848	1.273285209	0.148460065	-1.089452999	-0.073891148
KSTdGD80.141	0.353900393	0.082415455	0.275959825	-0.344205252	-0.604302134	-0.088734905	-0.293426905	-0.312901277	-0.172129425	0.059846815	0.166573908	-0.245202174	-2.122957431	-2.214583353	-2.163330607	0.913700151	0.441818778	0.151501045	-0.806510444	-1.592382082	-0.691330672
KSTdGD80.143	0.042859548	-0.257875516	-0.31263106	0.325828232	0.022731829	0.27058357	0.089345585	0.068121808	0.161568464	-0.022329088	0.102703163	-0.278510653	-1.484434555	-1.713239672	-1.811140561	1.810381753	1.272952904	1.078244719	-0.338771362	-1.427853069	-0.462196425
KSTdGD80.144	-0.720590476	-1.001367957	-0.775287273	-0.750759196	-1.017717565	-0.791718647	0.114410428	0.102697741	0.202338967	-0.275819284	-0.181991691	-0.375677378	-0.270963148	-0.595286827	-1.13007232	1.381455439	0.866324739	0.416268124	-0.5067634	-1.654298847	-0.900316225
KSTdGD80.148	0.284702961	0.024291338	0.127897968	0.019703848	-0.268949196	-0.071415803	0.052771982	0.037930235	0.104719313	-0.322059082	-0.243282117	-0.476317872	0.332553785	-0.193180322	-0.361170279	0.179559675	-0.346043147	-0.700349451	0.886264977	-0.443760058	0.515881653
KSTdGD80.15	0.793411867	0.496238496	0.509084694	0.079027284	-0.203148799	0.065053609	0.219696096	0.199828023	0.272971087	-0.379817716	-0.271510638	-0.607091525	-0.137271759	-0.045936649	0.034670235	0.936757861	0.390519287	-0.110541619	0.284544875	-0.74709839	0.110389069
KSTdGD80.150	0.624420261	0.342322865	0.536012594	-1.351628749	-1.644217268	-1.342168014	0.146406438	0.130638334	0.224362233	-0.154168705	-0.044197352	-0.387741577	-0.692481624	-0.966149878	-1.009655475	0.44723369	-0.071108743	-0.411163708	0.008556459	-1.071810011	-0.057279021
KSTdGD80.151	0.350440756	0.092186005	0.184947228	0.610615764	0.335053071	0.528280358	2.75E-05	-0.026923261	0.091129117	-0.133864018	-0.029773905	-0.302468454	-0.14295657	-0.757985224	-1.126796805	1.77997309	1.243139752	0.897733311	0.762467491	-0.487662178	0.305771005
KSTdGD80.153	-0.69344981	-0.9492138	-0.826221308	-0.327681304	-0.608060277	-0.38694677	0.216803401	0.191269618	0.321424958	-0.340741781	-0.228133539	-0.508003048	-1.023372003	-1.400397747	-1.471257899	1.224158634	0.664636509	0.326475617	-1.125958231	-2.370011455	-1.608129066
KSTdGD80.154	1.210643842	0.93353298	1.119385461	1.387969797	1.082030991	1.184348842	0.14758885	0.115083959	0.240108898	-0.525054853	-0.405788486	-0.873663264	-1.477546604	-1.740941408	-1.585585275	0.9364154	0.389055282	-0.112298678	0.37489995	-0.807527594	0.114009218
KSTdGD80.155	0.043304446	-0.231135153	-0.043525934	-0.74173022	-1.034021909	-0.72191437	-0.000492883	-0.013420156	0.064133424	-0.587937648	-0.471232389	-0.864842643	-0.619992019	-1.160725367	-1.383887485	1.464954957	0.914791987	0.468008124	0.151914357	-1.109086396	-0.10551975
KSTdGD80.156	0.561739543	0.286095686	0.385002265	0.493967551	0.211583084	0.334349976	0.194361121	0.172108118	0.270950083	-0.205431512	-0.117014222	-0.412350336	0.948113903	0.666505748	0.202737618	-0.237816492	-0.770964539	-1.120657045	2.000715853	0.805316365	1.666005574
KSTdGD80.158	0.074513689	-0.180021691	-0.051077007	0.697591826	0.434244208	0.655093605	-0.035251499	-0.057314455	0.056253499	-0.675458491	-0.568551799	-0.894072943	-0.654065749	-1.390793911	-1.459072712	1.016728147	0.468596928	0.13120024	0.416276707	-0.828195781	0.062546432
KSTdGD80.159	0.047663439	-0.229572721	-0.086082593	0.414489924	0.143427356	0.362637059	0.052791711	0.020806703	0.147721065	-0.156672976	-0.034323534	-0.29631156	-0.04241055	-0.181945402	-0.4425103	0.736970191	0.184729665	-0.058412176	0.976252931	-0.174878863	0.65200072
KSTdGD80.16	0.322108683	0.036201601	0.176437138	1.102785613	0.827419264	0.992180579	-0.177078227	-0.216931793	-0.070348151	-0.107165995	0.016181956	-0.301190265	-0.626847742	-0.668424765	-1.030777996	1.970697874	1.397589013	1.001092301	1.763572758	0.619098976	1.545161757
KSTdGD80.160	-0.621496197	-0.904042868	-0.737320719	-0.71269232	-0.991819241	-0.763823725	-0.066798325	-0.081747912	0.029561842	-0.182356611	-0.094012195	-0.304980264	-0.318947862	-0.709223883	-0.987602377	1.106386198	0.552136046	0.168344262	-0.232561502	-1.43016898	-0.647026514
KSTdGD80.161	-0.893898111	-1.160685497	-1.06456214	-0.764952804	-1.038834696	-0.919447932	-0.010561053	-0.031971502	0.078765128	-0.333290855	-0.232042989	-0.546515109	-0.903782596	-1.27705991	-1.45149692	1.574983023	1.023062972	0.604421023	-0.112846614	-1.351218407	-0.559252153
KSTdGD80.163	-0.475319811	-0.723735255	-0.57687438	-1.368559436	-1.638675111	-1.45127177	0.205541585	0.185527032	0.319233278	-0.1609393	-0.052206625	-0.382021485	0.172673915	-0.474885213	-0.63244266	0.199673142	-0.352959874	-0.731911425	1.19712446	-0.146875543	0.846423064
KSTdGD80.166	0.206355384	-0.079438009	0.072242006	0.177167968	-0.128508181	0.144359533	0.110786096	0.093967146	0.214625047	-0.179689717	-0.068624863	-0.383679379	0.417509983	0.066818035	-0.170904424	0.878692255	0.439199925	0.127351999	1.00031326	0.030298575	0.763866699
KSTdGD80.169	-0.743310381	-1.009491046	-0.912796187	-1.258463626	-1.533665835	-1.507233636	-0.07808769	-0.093193431	0.004443612	-0.233735046	-0.117208284	-0.504425468	-0.660158257	-1.098306054	-1.281717999	1.407414761	0.851747339	0.535372018	1.206090517	-0.017190885	1.246478521
KSTdGD80.170	0.036670732	-0.253985081	-0.152840609	0.155482818	-0.101133894	-0.101384281	-0.22021082	-0.227587615	-0.119119192	0.004467741	0.127214164	-0.131489807	-1.61476946	-1.493197566	-1.623337059	2.560654503	1.98969084	1.760074884	-0.31687023	-1.453253398	-0.685550906
KSTdGD80.173	0.008611799	-0.234448994	-0.03524412	-0.916768898	-1.209908494	-0.82999734	-0.00449449	-0.041084618	0.111900897	0.043593412	0.163423094	-0.13991208	-0.40971522	-1.152287643	-1.483689893	0.80012459	0.222433704	-0.132144357	0.875733528	-0.547669768	0.477182442
KSTdGD80.175	0.37281557	0.122898996	0.187280874	-1.002300444	-1.275763862	-0.952074741	-0.047733421	-0.064891764	0.021177829	-0.170874212	-0.085195879	-0.35964608	0.820864755	0.412335071	0.207125083	0.302505793	-0.228054963	-0.739619305	2.112737523	0.850036426	1.649367733
KSTdGD80.177	-1.338070852	-1.595165949	-1.596250792	-1.575722193	-1.838983344	-1.657861174	-0.267015703	-0.294461554	-0.208760388	-0.2647726	-0.170310638	-0.427421903	-0.641327406	-1.179790658	-1.079159148	0.938399018	0.415375613	0.092130913	-0.776361855	-2.075393718	-1.079321118
KSTdGD80.18	0.224061653	-0.058737832	0.13178478	-0.274866851	-0.542981474	-0.21986898	-0.029891533	-0.053512293	0.056307919	-0.081193445	0.03653799	-0.220444172	0.319812385	0.075765602	-0.052738829	0.321995799	-0.202307663	-0.556657142	1.345335345	0.258972735	1.024866471
KSTdGD80.180	0.22361881	-0.036186962	0.105621158	-0.925441095	-1.200546163	-0.922219969	0.176281871	0.139436784	0.265278575	0.042875657	0.165954446	-0.129638165	0.464815627	-0.160095123	-0.454875608	0.604976567	0.066560984	-0.388620343	0.24497811	-1.031194473	-0.136263552
KSTdGD80.181	0.135484503	-0.143632665	-0.085611314	0.364377696	0.085707453	0.312454944	0.087445648	0.074019051	0.190491693	-0.303612637	-0.203419241	-0.468381789	0.578350193	0.514595544	0.250475251	1.108238892	0.563213298	0.074896718	0.976566484	-0.126343486	0.816705227
KSTdGD80.182	0.434067067	0.157232269	0.203088127	-0.56093302	-0.833267495	-0.634735086	0.109546244	0.083952877	0.191822666	0.013009222	0.114005377	-0.197442014	0.579584812	0.291918242	0.04589171	0.087441826	-0.462948821	-0.90177547	1.238233695	0.113653212	0.762623671
KSTdGD80.185	-0.563170667	-0.877256077	-0.748711922	-0.076363908	-0.399741331	-0.152675819	0.22848027	0.195778836	0.306984127	-0.020625251	0.132461986	-0.202002766	-0.534611286	-0.82627398	-1.022377778	0.861868572	0.2657529	0.183174966	-0.885749097	-2.157251642	-1.025968512
KSTdGD80.187	-0.075314872	-0.372878514	-0.123572491	-1.195781512	-1.49590524	-1.254923121	-0.13112178	-0.166881848	0.044685077	0.085123029	0.237636251	-0.171116874	-0.038746256	-0.675911479	-0.496783565	0.834532859	0.205407151	-0.492968934	0.980219779	-0.545605548	0.611454155
KSTdGD80.188	0.388393313	0.095444267	0.226751286	-0.399221636	-0.729997726	-0.543336597	-0.18913752	-0.220943908	-0.068716376	0.081805166	0.220987672	-0.1528574	-0.212474946	-0.795913432	-1.150433687	1.780772962	1.173591036	0.797761771	1.790946586	0.322417073	1.297658839
KSTdGD80.189	-0.271135889	-0.584146651	-0.422459916	0.572267298	0.234111307	0.435752449	0.361394711	0.328108331	0.507215329	-0.213729765	-0.065182294	-0.443734882	-0.779292787	-1.453558037	-1.82038976	1.150391783	0.640073601	0.359775456	0.531052963	-0.704802063	0.172267947
KSTdGD80.19	0.44517695	0.176133733	0.279656408	0.11862703	-0.161107276	-0.032742364	0.050415829	0.032171548	0.147026973	-0.519289536	-0.411292397	-0.751493681	0.639806137	0.266419496	0.130389124	-0.17809452	-0.711576294	-1.078395308	1.921345843	0.730423244	1.544152969
KSTdGD80.190	0.167277206	-0.15040404	-0.07428381	-0.050571718	-0.393674939	-0.255051824	0.033798752	0.009552713	0.139346293	-0.443698937	-0.294056601	-0.749832589	0.465235814	-0.062166049	-0.32157053	0.375745757	-0.23926619	-0.638555726	1.349845026	-0.030062998	0.973026609
KSTdGD80.191	-0.416887166	-0.707934543	-0.558104149	-0.268421294	-0.547004345	-0.274073572	0.177519834	0.145494089	0.345835029	-0.446574602	-0.269901843	-0.652828377	-0.990379057	-1.123065907	-1.278306544	1.167092885	0.578045656	0.300356313	-1.370852678	-2.440729571	-1.650590778
KSTdGD80.192	-0.305463127	-0.581945941	-0.420118131	-0.150011557	-0.400468377	-0.212490977	-0.089945313	-0.112195746	0.046442841	-0.217870736	-0.062162552	-0.508990593	0.14510682	-0.476276713	-0.600885571	1.276601749	0.681570193	0.289651389	1.189087983	-0.057737349	0.89188473
KSTdGD80.193	-0.26033898	-0.553257443	-0.392434904	0.306687197	0.026351859	0.147801979	0.161004048	0.134823085	0.326030041	-0.134567694	0.038358803	-0.356935152	-1.269060804	-1.52257902	-1.54746767	1.043148499	0.470616793	0.40356189	-1.308741952	-2.350144018	-1.040562595
KSTdGD80.194	0.047452449	-0.256747539	-0.088193236	-0.140579003	-0.406120004	-0.13242857	0.096226212	0.072682659	0.264496319	0.10292925	0.291601286	-0.234404956	0.196116524	-0.69594311	-0.865269841	0.663064567	0.137020325	-0.269390731	0.960153662	-0.22055829	0.587011728
KSTdGD80.195	-0.020474436	-0.314299371	-0.361271262	1.078638354	0.808660533	0.525532456	0.086723376	0.044047521	0.187913001	-0.805720604	-0.624782575	-1.07016456	-0.322213335	-0.395982584	-0.54691358	1.166171553	0.581620857	-0.068261047	-0.812405627	-1.813760038	-0.983707313
KSTdGD80.197	0.219300361	-0.066516521	0.161778904	-1.06225163	-1.315439896	-1.098700658	-0.087340102	-0.121421756	0.044960021	-0.129310532	0.033581689	-0.479519055	-0.409373599	-1.385228403	-1.471930003	0.303343967	-0.268553364	-0.812133583	-1.021770936	-2.272868956	-1.359419799
KSTdGD80.198	-0.094987749	-0.390304516	-0.260431536	-0.653017144	-0.924748835	-0.694582883	-0.022012615	-0.059551036	0.143371141	-0.365840759	-0.174208627	-0.68818297	0.10315367	-0.520396503	-0.825371623	0.725176871	0.145426144	-0.23481323	0.908154205	-0.224902647	0.502236402
KSTdGD80.199	0.501224639	0.187054959	0.339275245	-0.441094491	-0.712265977	-0.252738728	0.125069997	0.085869673	0.323739295	-0.576846676	-0.39945339	-0.796559109	0.755627731	0.727038848	0.53822671	0.365435904	-0.262582561	-0.724874842	1.304161387	0.21466847	1.075799332
KSTdGD80.2	0.076849551	-0.185724004	-0.10226953	-0.647518187	-0.928258675	-0.545643286	0.037581971	0.011501414	0.120110787	-0.174906732	-0.069977262	-0.295148649	-0.738414182	-0.950138696	-1.125422722	1.175359999	0.61225747	0.176489724	0.145688281	-1.001262145	-0.3298756
KSTdGD80.201	1.493350039	1.192998404	1.413259292	1.043449189	0.732619469	0.682910938	0.100474962	0.027171616	0.20506553	-0.400689696	-0.189981803	-1.165934637	-1.745233626	-1.89972517	-1.621423565	0.019200369	-0.507051891	-0.707272123	0.563455094	-0.41414638	0.339313572
KSTdGD80.203	-0.215086924	-0.501775081	-0.368000192	-0.628783209	-0.893044393	-0.54295208	0.00880482	-0.029580925	0.145700835	-0.177852276	0.004482197	-0.433812366	-0.256739208	-1.20536007	-1.244335325	0.509803287	-0.066374967	-0.455562211	0.568625741	-0.726395208	0.300864903
KSTdGD80.204	0.087826108	-0.214162627	-0.054695617	0.366276196	0.071169502	0.276717784	0.03555915	0.005043332	0.193317394	-0.089331224	0.083622396	-0.383733791	-0.798251435	-1.05037459	-1.26084665	1.511269946	0.906940118	0.716043404	-0.569568182	-1.674142228	-0.512510122
KSTdGD80.206	-0.514389177	-0.812264135	-0.457065572	-0.22163844	-0.478103269	0.076605555	0.144222474	0.117792857	0.251502391	-0.55501299	-0.379113104	-0.736812974	-0.115673395	-0.077657227	-0.506864511	0.554129202	-0.046781692	-0.507827428	1.227321559	0.242639029	0.924383311
KSTdGD80.207	0.40936184	0.091388277	0.303983318	0.075845378	-0.21614667	-0.01866717	-0.174126101	-0.208608204	-0.019000436	0.142565185	0.340442879	-0.229926441	-1.47111331	-2.040443766	-2.27552308	0.837568077	0.21157828	-0.144300586	0.636835704	-0.56705376	0.302276709
KSTdGD80.208	-0.492900653	-0.800965537	-0.552173166	-0.396684579	-0.659316817	-0.537377799	0.015642489	-0.007936012	0.181878586	-0.394442256	-0.214000001	-0.533956114	-0.288745602	-0.512521018	-0.870859363	0.168272656	-0.437641065	-0.844725494	0.965345513	-0.153224337	0.761450757
KSTdGD80.209	-0.177645597	-0.468502068	-0.323494433	-0.339786655	-0.612251792	-0.456888889	0.347909462	0.328180215	0.523225706	-0.179059585	0.004496539	-0.491997584	0.381390823	-0.279053864	-0.497795149	-0.265283685	-0.854219513	-1.365800719	0.762706889	-0.486960207	0.501461282
KSTdGD80.21	0.507608957	0.235732269	0.292910885	-0.499853782	-0.780738744	-0.413506235	0.253911014	0.223871604	0.360343461	-0.112509479	0.011521689	-0.318154258	-0.167229751	-0.492954004	-0.532589978	0.772872666	0.230942623	-0.071085883	0.456048769	-0.671265954	0.080019922
KSTdGD80.210	0.141273104	-0.137931188	-0.060394903	0.059317841	-0.220353285	-0.111452083	0.258378072	0.234979077	0.463574595	-0.078531071	0.082460114	-0.337167244	-0.013326138	-1.342308739	-1.437816949	1.166532206	0.601103477	-0.179629485	1.018498775	-0.428075483	0.290140397
KSTdGD80.212	-0.010457246	-0.313040987	-0.115044866	1.021817194	0.728301022	0.852262141	0.115356344	0.099662471	0.269815386	-0.414966432	-0.254259788	-0.668850701	-0.645751772	-0.965978291	-1.093533086	1.129053924	0.534044664	0.336155324	-0.829410517	-1.916076757	-0.942717344
KSTdGD80.215	0.807992645	0.51405187	0.501556488	0.7163042	0.443790278	0.357632628	0.162496475	0.115696178	0.229714703	-0.225294453	-0.049596139	-0.694238423	0.303587552	-0.738396188	-0.742395776	0.67717073	0.063619834	-0.51817431	0.857216616	-0.555067941	0.407641814
KSTdGD80.216	0.240164849	-0.071796926	0.03596545	-0.224954212	-0.454365612	-0.423595259	-0.05018878	-0.0676736	0.031885637	-0.223817728	-0.017247947	-0.633452335	-0.832178331	-0.83632118	-0.746773814	0.740581729	0.091313281	-0.289590299	0.607310451	-0.51805571	0.324738615
KSTdGD80.217	-0.249680895	-0.536368047	-0.322609947	-0.221451166	-0.469581599	-0.309993656	0.131375468	0.109947734	0.294800202	-0.149386379	0.017097842	-0.451138717	0.650957611	0.09114996	-0.182281259	0.083621476	-0.493535185	-1.030841027	1.484597363	0.325923215	1.074330578
KSTdGD80.218	0.091631334	-0.209420041	-0.115695843	-0.654644321	-0.925959742	-0.743936068	0.051074832	0.000462685	0.264422776	-0.356456149	-0.150732052	-0.702273663	0.785063987	-0.033672236	-0.339271154	-0.187512276	-0.795173	-1.347103331	0.974571298	-0.384459349	0.464777964
KSTdGD80.219	-0.735456681	-1.032039065	-0.883888579	-1.040971284	-1.299958567	-0.884531852	-0.108978347	-0.122981831	0.050380583	-0.323988315	-0.150900824	-0.438187664	-1.502971211	-1.50928553	-1.423617544	1.48772324	0.98336826	0.526753747	0.649239888	-0.329031776	0.25423845
KSTdGD80.22	0.353128944	0.093042839	0.266969485	0.451579167	0.167125626	0.381859719	-0.075961165	-0.107121533	0.029610114	-0.295941081	-0.200556998	-0.469308665	0.60320647	0.18398059	-0.076183823	0.0614881	-0.467045869	-0.851691533	2.081112135	0.859813319	1.734430306
KSTdGD80.220	-0.360186738	-0.636101715	-0.4402345	-0.717934205	-0.952201092	-0.737478583	0.21010054	0.173614567	0.334523384	-0.848649514	-0.680120213	-1.098288472	0.136296203	-0.349377756	-0.601077076	1.021063874	0.431782151	-0.049811091	0.556648673	-0.662300246	0.340958826
KSTdGD80.221	0.589702159	0.291973334	0.398185134	1.772144487	1.498738345	1.592393053	0.036954176	-0.021481687	0.14562545	-0.136927985	0.041448659	-0.433936696	-0.486671598	-1.093786776	-1.492729127	0.945426182	0.326552996	0.01881649	1.775494662	0.534511811	1.482447959
KSTdGD80.224	-0.338436428	-0.619154975	-0.460193478	-0.334947481	-0.604290224	-0.449114144	0.118900675	0.073393722	0.355001723	-0.052947733	0.13068431	-0.181363438	-0.308537663	-0.746984171	-0.848752853	1.054813584	0.441371508	0.39140959	0.97672491	-0.20020097	0.812699798
KSTdGD80.225	-0.040369662	-0.328125167	-0.194765599	-0.457353046	-0.730954991	-0.530125451	0.199670306	0.152575828	0.439605643	0.01801712	0.206711735	-0.132264472	-0.314982376	-0.608241277	-0.780303564	1.114933693	0.501039804	0.390728578	1.102323122	-0.059020338	0.966647212
KSTdGD80.226	0.359810815	0.083637727	0.212876197	-0.549936385	-0.809799906	-0.57381328	0.338767894	0.287274839	0.469865298	-0.377488081	-0.215485117	-0.7184849	0.309864941	-0.14011693	-0.28889529	0.554369481	-0.020447993	-0.494424821	0.714225971	-0.410185306	0.47306994
KSTdGD80.227	-0.348549362	-0.657848575	-0.527853881	-0.636252952	-0.895091996	-0.6454629	0.061587481	0.050531177	0.236009919	-0.159603177	0.021437101	-0.370893821	0.445467526	0.474596657	-0.139236533	0.488167307	-0.114374164	-0.45350079	1.194670377	0.136513749	0.862731342
KSTdGD80.229	0.715244947	0.44247989	0.613187809	-0.552715516	-0.778888128	-0.738436661	-0.305892992	-0.350317553	-0.103889161	-0.309607174	-0.119007076	-0.641116193	-0.264907357	-1.550520365	-1.609744471	1.245759802	0.654801888	0.078896943	0.680007456	-0.74945929	0.32284651
KSTdGD80.230	-0.747130219	-1.016537323	-0.838122658	-0.494267311	-0.744133309	-0.506428831	0.057514059	0.033264556	0.198291566	-0.291739792	-0.145177104	-0.513595038	-0.208723294	-0.68582977	-0.901206266	0.501295985	0.01666878	-0.325758951	0.771382081	-0.223708941	0.477387933
KSTdGD80.239	0.289003813	0.001419352	0.085521049	-0.163629388	-0.445122445	-0.201597436	-0.002835301	-0.051876955	0.157430815	-0.37735796	-0.208022218	-0.577909284	-0.809246053	-0.921242309	-0.690696474	1.104504605	0.487627909	0.201430805	0.73288419	-0.335729107	0.428869912
KSTdGD80.24	-0.178279509	-0.460297073	-0.30922418	0.178963121	-0.09004611	0.115816862	0.36345703	0.340565956	0.455501878	-0.298746416	-0.185518984	-0.511160386	-0.087909182	-0.384050178	-0.581261222	0.764730354	0.219926613	-0.187476584	0.735585527	-0.44346409	0.467980451
KSTdGD80.243	0.993550791	0.689040058	0.912042896	0.129364433	-0.157072443	-0.016916344	-0.155803516	-0.176871801	-0.007854135	-0.542259504	-0.368758738	-1.009739237	-1.125341069	-1.432625271	-1.461470007	1.000881357	0.405158286	0.025814922	0.773293268	-0.382024142	0.515667323
KSTdGD80.246	0.223497839	-0.009636136	0.115702438	0.263200004	-0.009724604	0.139539986	0.110537285	0.061327312	0.267916771	0.193423204	0.383470901	-0.097059002	0.125262811	-0.186491016	-0.377368701	0.339279649	-0.242510261	-0.643952803	0.564094776	-0.540272358	0.285390205
KSTdGD80.25	-0.065875477	-0.340157811	-0.213249573	-0.381674816	-0.6653164	-0.498698479	0.080599866	0.054094055	0.206784394	-0.218253968	-0.109087382	-0.413201346	0.139747128	-0.376850141	-0.480019632	0.030139166	-0.543170698	-0.924243884	1.056388114	-0.275492824	0.70839195
KSTdGD80.252	0.487483274	0.207618792	0.354428542	-0.34867763	-0.600520446	-0.53732449	0.086781745	0.024906323	0.195322397	0.351121643	0.534814783	0.046423073	0.294695501	-0.406795089	-0.606303448	0.909219724	0.317966357	-0.225352896	0.038428809	-1.215366312	-0.133142443
KSTdGD80.256	0.004077598	-0.3114993	-0.135674578	0.183768417	-0.100486881	0.039386892	0.232758415	0.210013048	0.398450359	0.119250368	0.286821272	-0.244402145	0.277872492	-0.119539545	-0.382748175	0.538021925	-0.048432324	-0.477578406	0.474648004	-0.659563329	0.132074234
KSTdGD80.257	0.023598621	-0.268403961	-0.100877716	0.017745197	-0.242446303	-0.097592347	-0.302096674	-0.332518687	-0.193161728	-0.265992607	-0.122631985	-0.448030673	-0.044318885	-0.439687862	-0.711182886	1.918594068	1.339564268	1.019490701	1.748176618	0.590095572	1.383769175
KSTdGD80.258	0.083824639	-0.194384321	-0.008282616	0.523585738	0.272102249	0.511387869	-0.253821053	-0.315524727	-0.095443153	-0.453664223	-0.264948153	-0.704467139	-0.923535622	-1.770651985	-1.841076287	1.428037451	0.806430437	0.163242922	0.029960639	-1.322003066	-0.351051911
KSTdGD80.259	-0.013632118	-0.294554598	-0.118943072	-0.429012074	-0.68007276	-0.545871567	0.007567876	-0.001236608	0.127939644	-0.421895433	-0.283667187	-0.666821415	0.74506974	0.533880456	0.022017973	-0.016453151	-0.538762871	-1.027665622	1.056493114	-0.001796306	0.56238327
KSTdGD80.26	0.822620569	0.545463528	0.581266031	1.943098672	1.684082028	1.774244553	0.162114116	0.121978146	0.221699387	0.012162248	0.118268339	-0.175327476	-0.729265195	-0.955886667	-1.20877927	1.498305529	0.941625727	0.599058884	1.344596805	0.191203421	1.004397163
KSTdGD80.261	0.451340711	0.147803628	0.291284338	-0.386306754	-0.673082563	-0.470980534	0.024722238	-0.028383409	0.152354626	-0.161850735	0.024829013	-0.304224943	0.840112465	0.557729437	0.068354534	-0.06514989	-0.661337722	-1.052612382	0.700583754	-0.456985131	0.627960296
KSTdGD80.262	-0.017782807	-0.336555572	-0.061001365	0.351261416	0.065144427	0.018152666	0.167673462	0.144884155	0.283898105	0.309748279	0.494775216	-0.067004853	-0.621965982	-0.752267923	-0.923504572	1.379182153	0.776881662	0.270948608	0.338015782	-0.670333677	0.556200485
KSTdGD80.263	-0.120403346	-0.434249168	-0.239463652	0.446124042	0.150129745	0.373857756	0.026516039	0.00271393	0.153548461	0.077599438	0.251524743	-0.221090417	-0.422242685	-0.937087397	-1.056008834	2.164827686	1.580593433	1.144373859	0.669472654	-0.503140845	0.252478287
KSTdGD80.264	-1.110463001	-1.449677726	-1.308382767	-0.041297644	-0.370910431	-0.104328454	0.210628875	0.147724412	0.313714684	0.325400339	0.531474414	-0.057679127	-0.555177115	-0.950742405	-1.161243556	2.123911899	1.519429319	1.027045771	-1.285121408	-2.447053025	-1.463072621
KSTdGD80.265	0.444552414	0.137728596	0.184438288	-0.033662822	-0.315366681	-0.021113383	0.005127815	-0.024832241	0.164669103	-0.031138995	0.128689022	-0.262521934	0.68860437	0.575793024	0.218357029	0.87565492	0.294901329	-0.119451363	1.412749938	0.355854086	1.103032381
KSTdGD80.266	0.776063194	0.466877753	0.495899134	-0.206048012	-0.478405092	-0.181334772	0.327689195	0.29639957	0.37488067	-0.352264002	-0.168072244	-0.8101015	-0.342520584	-0.405988834	-1.01348186	1.243710816	0.632253144	0.03096476	1.355748143	0.246213905	1.06141244
KSTdGD80.268	0.76194609	0.446747292	0.563253268	0.707100445	0.418817867	0.597091133	0.335981572	0.303932531	0.511961088	-0.474917425	-0.287586264	-0.763495651	0.378755845	0.003545187	-0.118763148	-0.320669804	-0.934121558	-1.354513296	2.038869154	0.861208205	1.719917534
KSTdGD80.270	-0.285862749	-0.536588033	-0.479693207	-0.814612419	-1.065689428	-0.80956876	0.144073077	0.110516431	0.248442848	-0.742755529	-0.563285309	-1.037026369	-0.333658607	-1.476846389	-1.650546473	1.29554892	0.693495574	0.256822224	-0.178921658	-1.615792443	-0.562059971
KSTdGD80.272	-0.057531505	-0.362251759	-0.215822886	-0.082538287	-0.334678661	0.024402987	0.071358905	0.052846458	0.250508161	0.250215707	0.437812567	-0.174723105	-0.403702003	-0.397075477	-0.512418694	1.229950323	0.616776994	0.221086992	1.407691379	0.324189228	1.125437957
KSTdGD80.273	0.264374105	-0.014037179	0.176150308	0.598129419	0.362378352	0.553901588	-0.184319065	-0.216898175	-0.02311364	-0.424113225	-0.274814469	-0.716266581	-1.304497688	-1.788068905	-1.953116592	0.92557959	0.444950721	0.059999598	1.399544833	0.418075573	1.183070712
KSTdGD80.274	0.728849378	0.420534203	0.599976829	0.30864175	0.010762088	0.242431665	0.225599686	0.186473081	0.386880974	-0.139087333	0.061232703	-0.663117827	-0.380177222	-0.422693559	-0.5769774	0.610328643	-0.006592938	-0.342452354	0.744540499	-0.323572788	0.349455239
KSTdGD80.275	-0.212912641	-0.515372896	-0.410052287	0.009177991	-0.280488002	-0.076560707	0.138331696	0.113726142	0.281125003	-0.055744613	0.119742367	-0.344817916	0.166392347	-0.523582314	-0.742230826	1.142750773	0.547922502	-0.008111544	0.790281695	-0.465552534	0.59309992
KSTdGD80.276	0.149989013	-0.106318712	0.066185759	-0.822136323	-1.057139223	-0.87532211	0.020118022	-0.025683295	0.137282502	-0.241196782	-0.109737223	-0.529564786	0.804852805	0.327361085	0.064978314	-0.219107173	-0.762748186	-1.148004533	0.983385213	-0.194986149	0.68690715
KSTdGD80.277	0.057740167	-0.233896	-0.090056731	-1.058947334	-1.318619659	-1.107133279	-0.002304524	-0.02169341	0.161106406	-0.346787525	-0.146652448	-0.680179991	0.188839296	-0.572358565	-0.674621832	0.452461123	-0.141600358	-0.685166262	1.743185551	0.43890239	1.427586889
KSTdGD80.278	0.81755982	0.497297678	0.464074063	-0.179619926	-0.476197863	-0.228422655	0.169088615	0.132771025	0.346409761	-1.282335736	-1.080193743	-1.767165411	-2.827435327	-3.106164441	-2.723813092	0.610927615	0.084180988	-0.338065242	0.726276467	-0.322656108	0.534016932
KSTdGD80.279	1.209897114	0.897737053	1.066915441	0.739280593	0.444615366	0.453621158	0.418143506	0.387239437	0.529028329	-1.003549178	-0.81560639	-1.313642118	-0.927089025	-0.912023597	-1.489349784	1.497773632	0.871532109	0.610391748	0.023090957	-1.034935881	-0.016781635
KSTdGD80.28	-0.177300944	-0.463995858	-0.253815856	0.707455251	0.424922157	0.720113295	-0.225463367	-0.233507414	-0.100492252	-0.551855452	-0.446019977	-0.700053837	-0.746889158	-1.070574868	-1.143044627	0.335830289	-0.111067218	-0.413714655	0.440912706	-0.451504483	0.170584835
KSTdGD80.280	-0.00556515	-0.307214308	-0.136725261	-0.494432232	-0.774987514	-0.566708531	0.259169208	0.20210996	0.422314446	0.009531219	0.195741468	-0.32257077	0.476977142	-0.144660358	-0.488089507	0.215253754	-0.397871298	-0.888786271	1.156045684	-0.12488745	0.678496555
KSTdGD80.281	-0.330985895	-0.632257154	-0.457785279	-0.333059299	-0.605463567	-0.386102435	0.203886264	0.16625269	0.373388879	0.382054735	0.570926792	0.087404231	0.084676148	-0.753849693	-0.857507293	0.755580464	0.148162018	-0.326732593	0.331776952	-0.990101502	0.129392622
KSTdGD80.282	-0.003216664	-0.312555141	-0.186418832	-0.252281884	-0.534648497	-0.402671079	0.291052663	0.274656581	0.432281741	0.112263877	0.306272772	-0.186915491	0.096025463	-0.311379802	-0.50310987	0.422463662	-0.174589618	-0.573336382	0.397675027	-0.769884374	0.11924612
KSTdGD80.284	0.276459433	0.001284993	0.195671127	-0.169284515	-0.433349813	-0.426509231	-0.055493941	-0.109800494	0.09981665	0.272295876	0.448214541	0.098369245	0.597259092	-0.335367186	-0.476897917	0.511834163	-0.16949531	-0.95375648	1.490930266	0.116490187	0.926186164
KSTdGD80.287	0.186451177	-0.146855612	-0.012449263	-0.575601084	-0.828246605	-0.578303551	-0.207110122	-0.238861881	-0.022838677	-0.824098698	-0.623736109	-0.999207708	-2.171116084	-2.73034706	-2.877605048	1.81561789	1.286822504	0.923594689	-0.92680246	-1.991490871	-1.113063621
KSTdGD80.291	-0.517638292	-0.835235149	-0.694299133	0.422238955	0.129536268	0.395859071	0.044898216	0.02174632	0.146206444	-0.517502801	-0.346680057	-0.750453531	-0.70545069	-0.962222129	-1.129645361	2.16844545	1.570036596	0.987093242	-0.93824311	-2.048460668	-1.305094138
KSTdGD80.294	0.11588367	-0.185587964	-0.082594741	-1.268032333	-1.539197188	-1.536022289	-0.222525465	-0.260017669	-0.098635759	0.444187257	0.651744846	-0.238699931	-0.223720135	-0.347342147	-1.032677915	1.160484563	0.570885593	0.491850251	1.36119003	0.290439674	1.156866862
KSTdGD80.295	0.601428225	0.318110973	0.394528646	-0.557396314	-0.820566022	-0.562392187	-0.161418471	-0.222017124	-0.005713456	0.576629553	0.771504744	0.095250275	-0.404216013	-1.267850267	-1.433262872	-0.540058592	-1.142946768	-1.490983387	1.115311384	-0.260894544	0.721537748
KSTdGD80.296	0.212820095	-0.058466487	0.046187783	-0.531755243	-0.797070658	-0.655869086	0.019217613	-0.030871244	0.179472845	-0.484353073	-0.288143242	-0.791547639	0.212028829	-0.342634378	-0.504407605	-0.133589798	-0.742879028	-1.138214147	0.948098792	-0.353017072	0.473712127
KSTdGD80.297	-0.242512577	-0.533906477	-0.375303479	0.338204705	0.052246052	0.206260955	-0.057062877	-0.107971534	0.091059445	-0.314681359	-0.108107159	-0.567269703	-0.523839432	-1.211396262	-1.379945189	2.071273924	1.480697917	1.131341035	-0.216263682	-1.467181723	-0.46620686
KSTdGD80.3	0.037168806	-0.23476535	-0.12394108	-1.122798453	-1.388136906	-1.280020571	-0.214410315	-0.240607976	-0.095936962	-0.524708303	-0.415558255	-0.72595443	-0.782531768	-0.888368871	-1.070516961	0.157519931	-0.390753883	-0.804349513	0.590808986	-0.517904279	0.136311491
KSTdGD80.30	-0.704639313	-0.9545189	-0.820448488	-1.301620109	-1.572568267	-1.404257077	-0.159248753	-0.186273128	-0.021507861	-0.02857375	0.060405538	-0.116001943	-0.855503203	-1.543182206	-1.805905821	1.688192736	1.137606677	0.841098483	0.258447013	-1.08475599	-0.267262596
KSTdGD80.300	0.373382638	0.058098813	0.435823385	-0.348316861	-0.637632733	-0.657741755	0.212012554	0.175693347	0.275997111	-0.719704323	-0.538502013	-1.279727534	-0.997750468	-1.005725921	-1.3844296	0.954934103	0.321951502	-0.317634168	0.486198117	-0.601727273	0.229873429
KSTdGD80.301	0.081829336	-0.198403009	-0.065474714	-0.107288699	-0.36001286	-0.205246173	-0.542636433	-0.593806041	-0.402259035	0.284392518	0.470576473	-0.037166996	-1.254603297	-1.814932734	-1.906517248	2.053381026	1.448480934	1.140717978	0.168479125	-1.09510207	-0.13955173
KSTdGD80.302	-0.47458024	-0.752584475	-0.649282262	-1.412870063	-1.662071996	-1.436440535	-0.126169507	-0.195733367	0.023682539	0.396428501	0.586121238	0.128748701	-0.393302544	-1.131657856	-1.101197774	1.980123254	1.339378951	0.752938673	0.437796513	-0.948950459	-0.035493266
KSTdGD80.303	0.309782058	0.004754505	0.146382389	-0.03291891	-0.301449305	-0.161528751	0.122840829	0.106703825	0.278264603	-0.062347889	0.130637028	-0.371744742	0.384521029	-0.409779452	-0.6001578	0.684612118	0.071210535	-0.416530473	1.32212858	-0.01922666	0.934751669
KSTdGD80.305	0.292319612	-0.015501367	0.083204113	-0.879387129	-1.159101478	-0.428829049	-0.151035177	-0.174678841	-0.163211355	-0.705106288	-0.51084335	-1.19245173	-1.324403274	-1.203803909	-1.73543964	1.513803978	0.919850819	0.763876717	-0.194484041	-1.138526292	-0.034657752
KSTdGD80.306	-0.791726732	-1.139605301	-0.952754923	-0.333431562	-0.66557955	-0.344206398	0.200791709	0.15132189	0.361996701	-0.100810929	0.08610084	-0.405311818	-0.509262127	-0.636609684	-1.062433285	0.935905568	0.346334699	-0.054656985	-0.848374555	-1.959110755	-1.410620042
KSTdGD80.307	0.270815778	-0.047115722	0.158926796	-0.377638514	-0.658302346	-0.515489583	0.238344696	0.188871719	0.335871425	-0.396826703	-0.219264102	-0.85767535	-1.757203616	-1.5583042	-1.469177995	0.753610533	0.25666571	0.023488221	-0.125603745	-0.950291851	-0.304916691
KSTdGD80.308	0.894815321	0.601582185	0.749286691	0.100802046	-0.168254856	0.045353658	0.120488199	0.083654166	0.284599681	0.296103036	0.469955538	-0.000176529	0.473064763	-0.0146486	-0.182670399	0.530386307	-0.043831647	-0.484803239	1.200336761	0.033215924	0.889096575
KSTdGD80.31	-0.049391519	-0.348386355	-0.193396349	-0.426564813	-0.720976482	-0.340958355	0.059668675	0.048947469	0.206563421	-0.119046261	0.003685529	-0.317672943	-0.273433098	0.016314864	-0.019693304	0.853306208	0.312844813	-0.098615519	0.65429315	-0.295167007	0.331703962
KSTdGD80.310	0.549998656	0.22643449	0.374691792	0.183047381	-0.105448183	0.021637441	0.304221648	0.240407881	0.474152097	-0.150951954	0.040068258	-0.473872168	0.588417451	-0.028789211	-0.33987642	0.066116541	-0.556895286	-0.967773908	1.152157668	-0.153896025	0.770592451
KSTdGD80.311	0.765957338	0.483162618	0.72856679	0.836728305	0.556555532	0.817079006	0.413746813	0.36003129	0.547490405	-0.067826306	0.106838399	-0.397056128	-0.434321157	-1.331938716	-1.577868468	1.332613638	0.736787143	0.183066688	0.384903699	-0.937433895	0.117514629
KSTdGD80.313	0.033093997	-0.265444252	-0.187355742	0.419534792	0.162919808	0.347848555	-0.0464796	-0.058475156	0.096003923	-0.742664737	-0.592313443	-1.008928371	-0.399340992	-0.617127453	-0.802422416	1.96772196	1.409243816	0.994305024	-0.014851858	-1.062432716	-0.553400917
KSTdGD80.316	-0.946321321	-1.241813879	-1.049659158	-0.479656288	-0.75636813	-0.499430928	-0.365609744	-0.381620391	-0.164474448	-0.106772774	0.072973509	-0.05295849	-1.124691354	-1.080305952	-1.205814195	2.604320998	2.100747457	1.752329963	0.580585195	-0.404179998	0.130714482
KSTdGD80.317	0.932029737	0.653020615	0.820971433	-0.102549952	-0.369738792	-0.136046975	0.003520545	-0.04645691	0.171143286	-1.157596327	-0.967885999	-1.418924542	-1.073395762	-1.952814799	-1.673293528	1.41938581	0.911660905	0.787819655	0.989344294	-0.058964385	0.616433159
KSTdGD80.318	-0.190604705	-0.46092505	-0.228845571	0.914424913	0.672278436	0.810758235	-0.214621059	-0.257635319	-0.056111124	0.230912057	0.400084701	-0.129463096	-1.55228528	-2.591651363	-2.573978891	1.965126829	1.469925884	1.100628868	0.975988982	-0.215460491	0.792486057
KSTdGD80.319	0.805263677	0.521957679	0.698100171	-0.715152581	-0.952198391	-0.899485551	-0.249945683	-0.295245997	-0.066230393	-0.091124688	0.103485897	-0.492168623	-0.2468433	-1.398538887	-1.505966982	1.219500589	0.603262088	0.001858898	0.616734562	-0.74792526	0.327923168
KSTdGD80.32	0.271190365	0.026323701	0.218407965	0.230907965	-0.04487983	0.122444913	0.167517499	0.117334617	0.276804279	-0.225039539	-0.117864785	-0.404121787	0.470822597	-0.438069595	-0.586905103	-0.344894294	-0.916670545	-1.391921591	1.951822484	0.426178365	1.538993844
KSTdGD80.320	-0.56994463	-0.880396242	-0.622303279	-0.69747375	-0.973442336	-0.767400864	0.143046096	0.117915425	0.320022882	-0.214292146	-0.03509658	-0.543704712	-0.854125294	-1.156491552	-1.578570911	0.979720079	0.419215456	0.045692667	0.281018573	-0.74466583	-0.01581227
KSTdGD80.322	0.739470946	0.409712863	0.55233649	-0.895006166	-1.194403859	-0.848593371	0.280172856	0.229000864	0.440665543	-1.121549873	-0.922493423	-1.452807514	-1.621691481	-1.793655067	-1.848005013	0.626839722	0.005682206	-0.356737112	1.101983437	-0.115604249	0.796758449
KSTdGD80.323	-0.842340049	-1.186410384	-1.149631819	0.424458338	0.084188666	0.33506264	0.13827417	0.089936267	0.215444595	0.085106243	0.283584043	-0.298215169	-0.805051684	-0.879481751	-0.971514008	1.549996032	0.978705492	0.575331811	-0.447787175	-1.480344842	-0.68326931
KSTdGD80.324	0.584897831	0.279701588	0.421224334	0.441326575	0.160296074	0.259917641	0.233319997	0.188913117	0.390297766	0.318628974	0.503866548	-0.010754275	0.505787782	0.189611189	0.042129443	0.762981516	0.141865202	-0.308181673	0.875079073	-0.284522219	0.584063235
KSTdGD80.326	-0.211757325	-0.47702228	-0.377540487	-0.244869928	-0.48673443	-0.317407853	0.08549717	0.045726499	0.210237208	-0.087748602	0.071695349	-0.323923971	0.003575863	-0.268208202	-0.594928795	2.270169733	1.666471821	1.107501145	0.922989643	-0.223800359	0.534048759
KSTdGD80.327	0.673642167	0.407624494	0.554720417	-0.432297187	-0.686887381	-0.51499933	-0.209172166	-0.242406759	-0.088493052	0.084305179	0.241090403	-0.125676071	0.193925361	-0.190454016	-0.447850677	0.509046527	-0.041960979	-0.623709202	0.640789621	-0.471760427	0.352020455
KSTdGD80.329	0.516538786	0.229954726	0.446903547	-0.954232818	-1.224322854	-1.095013507	-0.009546161	-0.064514196	0.195555802	-0.042007524	0.160231256	-0.165855444	-0.089988414	-0.513128941	-0.7583612	0.054083158	-0.55242984	-1.043177731	0.103717253	-1.086034065	-0.144081981
KSTdGD80.330	0.530194752	0.24292326	0.494034044	0.015324931	-0.254397043	-0.007512435	0.126416956	0.097574408	0.282431324	-0.997985166	-0.816765682	-1.377466104	0.357635037	-0.175154279	-0.355702106	0.128107152	-0.437331048	-0.77900586	1.143135233	-0.060645358	0.762459107
KSTdGD80.331	-0.554888032	-0.819413165	-0.601760267	-0.207537107	-0.491894428	-0.234525652	0.101566174	0.065337562	0.207360941	-1.182070905	-1.007308409	-1.467503567	-0.088903942	-0.883261678	-0.868279252	0.866017486	0.322409678	-0.010135787	-0.196540113	-1.418109611	-0.501047063
KSTdGD80.333	-0.310443418	-0.617267973	-0.373887719	-1.243320302	-1.507758342	-1.252379998	0.028095002	-0.023699593	0.243447431	0.16922714	0.36864257	-0.196183148	-0.985159623	-1.342243631	-1.418380497	0.414771954	-0.079441609	-0.373476808	0.253853853	-0.714282592	0.04016563
KSTdGD80.335	-0.013069146	-0.293786899	-0.197287406	0.024721316	-0.25215524	-0.207723524	0.342575857	0.282181428	0.483043835	0.01211008	0.194270382	-0.256568395	-0.023975833	-0.397720148	-0.372005716	-0.720536537	-1.316778169	-1.777323593	-0.120788255	-1.258425454	-0.441924536
KSTdGD80.336	-0.455145034	-0.716714436	-0.559287824	0.373994506	0.14751327	0.294901459	-0.39166549	-0.430848844	-0.227871305	-0.757935697	-0.58912615	-0.933912884	-1.451063565	-2.135179265	-2.041584048	2.801301355	2.217989104	1.864464874	-0.175030281	-1.431165281	-0.535905547
KSTdGD80.337	0.112994802	-0.193951188	-0.001984489	0.029135713	-0.213430173	-0.08558442	-0.028880656	-0.054413721	0.120884816	-0.040995461	0.133836428	-0.202905938	0.182449202	0.001449716	-0.16377821	0.20399807	-0.368388641	-0.713266489	1.08719799	0.064812251	0.715632214
KSTdGD80.339	-0.715413383	-1.017044172	-0.842242292	-0.549460827	-0.804696888	-0.643763557	0.249003271	0.223078671	0.377844967	-0.304141608	-0.113457863	-0.541915859	0.137795786	-0.233047733	-0.618556721	0.333337676	-0.246091471	-0.756105384	-0.009403354	-1.138583562	-0.28590983
KSTdGD80.340	1.031015438	0.714670589	0.765826439	-0.542782818	-0.826327244	-0.681517577	0.113458772	0.079339097	0.23044461	-0.568270414	-0.38339099	-0.842777999	-0.997033279	-1.467566979	-1.868877493	0.045775623	-0.570784867	-0.963638374	1.729748826	0.514568476	1.411272258
KSTdGD80.341	0.31690153	0.018927739	0.225488044	-0.263451485	-0.545334339	-0.347612984	-0.151913786	-0.19010392	0.008596305	-0.66721385	-0.476041026	-1.05316948	0.566749121	-0.28264643	-0.468512884	0.004116588	-0.581781723	-1.142943762	1.217215077	-0.076744386	0.951794479
KSTdGD80.343	0.734363896	0.418120281	0.487977647	0.33962481	0.060359114	0.078766161	0.454852884	0.412566462	0.589508897	0.178661097	0.378618488	-0.248016397	-0.214472042	-0.273474774	-0.728740059	1.240088644	0.623329189	0.417060466	0.221973665	-0.879838518	-0.184419454
KSTdGD80.345	0.085368254	-0.218524453	-0.025776288	-0.264839534	-0.535013862	-0.255014717	0.336831339	0.320668987	0.425677933	-0.276852699	-0.094285853	-0.594628779	0.494757891	0.303930901	-0.131299373	0.272389145	-0.373163663	-0.694415044	0.593364227	-0.553994431	0.124088682
KSTdGD80.346	-0.112080651	-0.409957503	-0.08791771	-0.508407653	-0.772339868	-0.574163238	0.081665153	0.035603232	0.25541067	0.103121722	0.274868603	-0.226031425	0.208652689	-0.031151815	-0.587188616	0.319048831	-0.309803778	-0.836907616	0.407954585	-0.656102121	0.036120874
KSTdGD80.348	0.476250639	0.200062769	0.358876966	0.088554645	-0.156197984	0.10478395	0.181337625	0.162063836	0.316682212	-0.223158403	-0.064482626	-0.528751042	0.215279556	-0.603529693	-0.613637543	0.499422907	-0.060616017	-0.546770348	0.722194622	-0.529151605	0.498681399
KSTdGD80.349	-0.373489406	-0.67954167	-0.508062883	-0.628630481	-0.909698037	-0.667802552	-0.41676377	-0.458785797	-0.279227485	0.383837188	0.600499442	0.052292762	-1.301194075	-1.210111786	-1.316858525	2.336416478	1.693544648	1.320157761	0.080692604	-1.033324069	0.007786779
KSTdGD80.350	0.918027604	0.616270636	0.755190426	-0.359623401	-0.636465518	-0.430323449	0.136283657	0.086408867	0.312563006	0.863588116	1.05572481	0.550561497	0.880022977	0.266425749	-0.00989588	0.972970583	0.373986075	-0.10224787	1.34218238	0.107497479	0.950347585
KSTdGD80.351	-0.26874166	-0.569815839	-0.34404976	-0.809682281	-1.07189046	-0.846934613	-0.048453774	-0.082323657	0.115217866	-0.184621884	0.010435503	-0.508828564	-0.240087928	-0.778570127	-1.167164262	1.78454642	1.185109925	0.895375011	0.314477796	-0.884614544	-0.113054314
KSTdGD80.352	0.936250955	0.645768842	0.757755163	-0.534301371	-0.799999744	-0.680586451	0.129836621	0.064974786	0.181470419	-0.5291369	-0.361716301	-1.043994607	-0.859998156	-1.154040513	-1.547129085	0.291751785	-0.285900427	-0.706847644	-0.256317381	-1.414511912	-0.528315169
KSTdGD80.353	-0.011599822	-0.337727554	-0.135967917	-0.648351692	-0.927091443	-0.674080353	-0.0228482	-0.043847827	0.125502624	-0.07997613	0.111625095	-0.614329787	-0.244229366	-0.230007836	-1.102631221	-0.177767727	-0.765780758	-1.141982228	1.173376472	0.119613073	0.818951471
KSTdGD80.354	0.961448986	0.655143495	0.783555771	1.347109895	1.057339608	1.202086293	0.528438663	0.488100412	0.682877131	0.514433426	0.680841674	0.223050681	0.361209664	-0.161379159	-0.450790712	1.371544793	0.753419002	0.232774262	1.733104527	0.510936347	1.379057431
KSTdGD80.355	-0.193858486	-0.512637956	-0.03925953	-0.440616239	-0.716430552	-0.635016889	-0.283602862	-0.318141161	-0.125519467	-1.111255041	-0.922194522	-1.458545868	-0.227752162	-0.308851105	-0.625050341	0.873868549	0.245667017	-0.102230348	0.796501321	-0.283523631	0.606809339
KSTdGD80.356	1.621369396	1.294051905	1.149194134	0.010858861	-0.274673835	0.057803992	0.240050689	0.216662742	0.270179945	0.151158151	0.334341306	-0.460214535	-0.189843622	0.154400786	-0.30897688	1.198409796	0.607490374	0.272251536	0.467654607	-0.457503074	0.071393464
KSTdGD80.357	0.749220653	0.442382929	0.621748185	-0.340423935	-0.623798236	-0.505428147	0.079596008	0.028222993	0.289780115	-0.153288097	0.049100075	-0.482342409	-0.266565343	-0.426978752	-0.66553075	-0.06326193	-0.637988235	-1.008098437	0.227568768	-0.811408142	-0.227976959
KSTdGD80.361	0.28648747	0.000728372	0.129845212	0.48399761	0.206794897	0.427074901	0.109809825	0.084500226	0.248216146	-0.340590221	-0.178901646	-0.521074803	-0.464328524	-0.561911648	-0.69687407	2.093719026	1.512379022	1.114029507	0.088227237	-0.971554011	-0.06868378
KSTdGD80.362	0.993940094	0.688526846	0.727112187	-1.071504799	-1.347144926	-1.143952815	0.248393265	0.202160797	0.301265707	-0.555226819	-0.382355053	-1.060018885	-0.026348809	-0.003586262	-0.550128164	0.615626495	0.021005615	-0.527094297	0.950619802	-0.03941876	0.509641741
KSTdGD80.364	0.217727563	-0.085526247	0.109047801	-0.171007536	-0.456798724	-0.238696506	-0.021526142	-0.045643801	0.12659231	-0.131268828	0.048185178	-0.454935127	0.608098115	0.141388237	-0.14225232	0.181659713	-0.4073847	-0.880295259	0.678541746	-0.463101484	0.401155915
KSTdGD80.365	-0.289077796	-0.591297659	-0.418357246	-0.978235736	-1.226041221	-0.988705822	0.137707893	0.124843416	0.324072991	-0.296566707	-0.120825871	-0.517461553	-0.570562366	-0.669674419	-0.983243275	1.923857796	1.313023273	0.944764864	-0.023416448	-1.096082917	-0.28043298
KSTdGD80.367	0.915267177	0.63272229	0.886742769	0.726507168	0.459691761	0.640567816	0.167473268	0.136340097	0.291976711	-0.595484214	-0.421172191	-0.972596437	-1.12675444	-1.223997966	-1.016231486	0.593775471	-0.001991386	-0.154779856	0.427956673	-0.590849617	0.316321732
KSTdGD80.369	0.418399705	0.11235286	-0.018098332	-0.33902421	-0.626165245	-0.459083824	0.159379232	0.104270244	0.185676133	-0.456917698	-0.245548996	-1.090251453	-0.755560037	-0.792136609	-0.273761225	-0.11163198	-0.729107112	-1.082236775	-0.045669271	-1.122795308	-0.335967029
KSTdGD80.37	0.140269892	-0.116133964	0.080515672	-0.055709812	-0.353847979	-0.171554081	0.007257596	-0.02554379	0.120293807	-0.104488044	0.011338525	-0.331365047	0.597605199	0.053237889	-0.173654293	-0.445876073	-0.989191581	-1.368863648	1.481993684	0.239632266	0.978310135
KSTdGD80.370	-1.67851238	-1.982532272	-1.831143749	-1.301829384	-1.556763238	-1.47355558	-0.552704067	-0.627612002	-0.402985087	-0.514821932	-0.313972289	-0.871258708	-0.663870512	-1.231977601	-1.489832496	1.760170867	1.170398922	0.830176066	-1.055286042	-2.242572302	-1.479748577
KSTdGD80.372	0.317089682	0.008121276	-0.180180777	-0.089826667	-0.350150267	-0.474645212	0.293476855	0.229552103	0.322534147	0.080896989	0.298508418	-0.387386685	0.101660388	0.303666359	-0.333855512	1.657282251	1.035861684	0.660655718	0.554487869	-0.497375437	0.216301793
KSTdGD80.373	0.509898545	0.231304023	0.295474256	-0.247080863	-0.500145173	-0.444549055	-0.024414865	-0.068783435	0.092242997	-0.370976028	-0.184780506	-0.806562934	0.060401276	-0.496843877	-0.817361832	1.303651075	0.691918286	0.0467353	0.470609715	-0.745286689	0.080136231
KSTdGD80.38	0.027744771	-0.243830614	-0.046353824	-0.627861117	-0.898529167	-0.769411081	0.08277196	0.052659351	0.161654449	-0.35663187	-0.247840625	-0.50976374	-0.158464464	-0.77761462	-1.129167175	1.292168072	0.724671712	0.361779925	0.481337711	-0.939367707	-0.020558573
KSTdGD80.39	0.094999578	-0.177392787	-0.023287747	-0.727683178	-0.999868204	-0.687484501	0.129421764	0.10642277	0.229010864	-0.270180253	-0.170163928	-0.350545036	-0.586284658	-0.897980094	-0.888622746	0.758079557	0.206177828	-0.065021465	0.312244256	-0.834899744	0.02910237
KSTdGD80.4	0.198603252	-0.083889017	0.101967192	-0.014238148	-0.295976328	-0.150319973	0.105309836	0.096806753	0.217298382	0.117401722	0.226056766	-0.060213498	0.250799298	-0.108655143	-0.286448587	0.855817726	0.314835259	-0.121665304	1.319948477	0.123030453	0.858605868
KSTdGD80.40	-0.460653156	-0.748977256	-0.64959009	0.38035803	0.0375909	0.287863974	0.200594425	0.175580363	0.284664886	0.343554663	0.455335624	0.284077288	0.014221579	-0.445274697	-0.600277531	1.584478558	1.068439264	0.630137502	-0.597792776	-1.754919406	-0.77838721
KSTdGD80.41	0.089869028	-0.203717782	-0.021113024	-0.191745098	-0.487148528	-0.324763699	0.0798137	0.052104986	0.192684584	-0.169638057	-0.050969959	-0.347193861	0.051378218	-0.380425263	-0.563798402	0.201948584	-0.361830042	-0.730152647	0.882753007	-0.351032274	0.617032423
KSTdGD80.42	0.737864543	0.50610008	0.510208021	-1.168344887	-1.424614816	-1.192840631	-0.314108583	-0.35134524	-0.185412118	-0.084927868	0.030370497	-0.223778672	-1.435510601	-2.213798433	-2.260950726	0.845864678	0.265674372	-0.090139024	0.501200826	-0.913925677	-0.078236925
KSTdGD80.43	0.489877991	0.21896293	0.381467316	0.179103106	-0.074177609	-0.079244247	0.184596197	0.168297659	0.296767272	0.016847462	0.134286469	-0.189569006	0.13613737	0.01224356	-0.313814661	-0.3044682	-0.83431132	-1.144978775	0.868394247	-0.193463415	0.597260681
KSTdGD80.44	0.258483638	-0.001354836	0.140753493	-0.147389763	-0.425794869	-0.276033219	0.143823595	0.119452343	0.265212926	-0.319070372	-0.197049292	-0.507620492	-0.300579387	-0.799526336	-0.939110429	1.484120445	0.931319062	0.63825472	0.521245609	-0.759767632	0.050382641
KSTdGD80.45	0.016632975	-0.275522447	-0.042596554	0.358657455	0.07073888	0.353129443	0.258768618	0.23935211	0.390261068	0.062569501	0.170760252	-0.078246728	-0.793587463	-0.939511464	-1.067818631	1.177361091	0.617124871	0.430001864	1.221786398	0.116503528	0.905502995
KSTdGD80.47	0.68594052	0.410334544	0.468219278	1.083711236	0.785161519	0.982138949	0.178140487	0.155415256	0.275425247	-0.182305283	-0.083469517	-0.443107448	-0.490624756	-0.92765186	-1.114801212	0.970702013	0.450432229	0.184361406	-0.125077882	-1.283424556	-0.505215984
KSTdGD80.48	0.573038388	0.318433143	0.369714386	0.483733835	0.210968433	0.389046326	0.028246666	0.01201156	0.091281454	-0.088056441	0.011046125	-0.334476057	-0.21629083	-0.330019908	-0.502366172	0.700269683	0.171873487	-0.186226109	0.593326534	-0.450705033	0.283791399
KSTdGD80.49	-0.05960599	-0.321712098	-0.211871792	0.087814518	-0.173519488	-0.007863801	0.1002755	0.081531376	0.218608479	-0.358689442	-0.252090517	-0.532071797	-0.2897183	-0.732695272	-0.932917849	0.803689051	0.247081336	-0.080597221	0.917341003	-0.321720155	0.612883624
KSTdGD80.5	-0.340016545	-0.607592294	-0.48106342	-0.620678897	-0.890776272	-0.685894578	0.005246556	-0.008013711	0.116433532	-0.331110767	-0.227210154	-0.442229429	-0.001002939	-0.614757326	-0.783935654	0.98397891	0.431776911	0.122617338	1.232269118	0.002417313	0.854067816
KSTdGD80.54	0.286058734	0.013212479	0.129500466	0.946513312	0.682585347	0.841247037	-0.21589215	-0.236232802	-0.090791328	-0.25346401	-0.134845036	-0.443475875	-0.783904514	-1.057739881	-1.191185237	1.984972419	1.476488239	1.003022573	0.474515681	-0.628812727	0.317977751
KSTdGD80.55	0.00987647	-0.275336693	-0.118161509	-0.8845681	-1.171231766	-1.024670608	-0.035372021	-0.059286692	0.047122664	-0.205761887	-0.101140774	-0.395709981	0.453058508	0.162358344	0.109062373	0.627199694	0.095287554	-0.299393216	1.829530482	0.732694778	1.418734411
KSTdGD80.56	0.269295032	-0.013265769	0.127097723	-0.283114772	-0.563535913	-0.334178752	0.086855195	0.056634922	0.174281349	-0.006376267	0.110995506	-0.174607128	0.111383905	-0.189428194	-0.279792857	0.796669047	0.248401884	-0.166315369	0.286270057	-0.879458917	-0.125846451
KSTdGD80.58	-0.231334942	-0.521227068	-0.312143607	-0.43783264	-0.697306521	-0.553485457	0.026309049	0.017082014	0.152336554	-0.300881984	-0.192501559	-0.511383872	-0.173365117	-0.463467178	-0.748124302	0.189934614	-0.35984597	-0.763610661	0.725761059	-0.444334303	0.29514819
KSTdGD80.59	0.227066712	-0.022618813	0.076870799	-0.329060664	-0.600616075	-0.378904527	0.170908515	0.137418846	0.248382157	-0.30996932	-0.196316924	-0.538980621	-0.197356722	-0.64082866	-0.761887294	0.746467304	0.191568776	-0.04825391	0.285125626	-0.9444687	0.060444934
KSTdGD80.6	-0.145829546	-0.420639526	-0.200701331	0.561710179	0.257333615	0.410834763	0.257428112	0.235808916	0.357061589	-0.355964261	-0.250097095	-0.513862193	-0.373086308	-0.932172043	-1.001888752	0.504435459	-0.025789385	-0.340799271	1.183841343	0.030565236	0.901040868
KSTdGD80.67	0.592626192	0.313945482	0.518932487	-0.149883504	-0.405878648	-0.221404263	0.026476849	-0.001408332	0.098261935	-0.002797936	0.101376912	-0.143067535	0.336381327	0.140663359	-0.048301646	0.84065203	0.311727164	-0.144058338	1.298354026	0.191587839	0.814239589
KSTdGD80.68	0.326587396	0.046254312	0.19329975	1.032932926	0.745788526	0.977306325	0.23745761	0.217506592	0.319135693	-0.501667562	-0.393467771	-0.722206726	0.333985598	-0.084377608	-0.392323342	-0.308757429	-0.834041257	-1.114388418	1.286442912	0.118839462	0.930076728
KSTdGD80.69	-0.088174629	-0.328032994	-0.09801489	-0.364479106	-0.653936321	-0.413238766	0.064181623	0.034941684	0.161286718	-0.56654371	-0.471523519	-0.779858544	-0.047302173	-0.875521784	-0.832885247	-0.029923401	-0.567973426	-0.945317277	0.220372352	-1.053575058	-0.233289547
KSTdGD80.7	-0.133904934	-0.41958553	-0.227039339	1.098780956	0.855329455	0.951656593	-0.093630925	-0.110254543	0.003113637	-0.118489628	-0.008662966	-0.172817454	-0.17503163	-0.568349354	-0.691240389	2.347645856	1.79914026	1.32072223	1.978626015	0.771990019	1.610541375
KSTdGD80.70	0.792970349	0.510447004	0.618866384	-0.158062048	-0.4632272	-0.273578277	0.105312502	0.077179724	0.209436101	0.184595298	0.29996521	-0.001855807	0.620145324	0.397252739	0.228206067	-0.10452649	-0.656924913	-1.117438931	0.986083273	-0.20182325	0.651136052
KSTdGD80.71	-0.024982179	-0.304870226	-0.169449598	0.719928768	0.43994018	0.688325772	0.053303837	0.01658324	0.144851156	-0.09512521	0.03324973	-0.244679156	-1.431205379	-1.622415712	-1.610574686	2.201728245	1.630140077	1.252241394	0.261722087	-0.895843003	0.049864129
KSTdGD80.72	0.111768813	-0.144343829	-0.109859169	-1.03377775	-1.28256995	-1.096494646	-0.114710933	-0.145187537	-0.045913325	-0.129368075	-0.012436064	-0.284229051	-1.097799755	-1.261495007	-1.272292709	0.113567294	-0.436127761	-0.799860254	-0.371169936	-1.509702702	-0.6787177
KSTdGD80.74	0.923365541	0.676425558	0.849043919	0.103271323	-0.154007024	0.03330872	0.15743075	0.126293002	0.277551748	-0.156599774	-0.056586945	-0.337527888	-0.907937995	-1.354687902	-1.430618699	0.501645091	-0.06788	-0.51512102	1.402995179	0.092584324	1.207473871
KSTdGD80.76	-0.053040321	-0.321224207	-0.100918681	-1.334520775	-1.614852887	-1.394909886	0.025049595	0.001702087	0.148034619	-0.150154494	-0.048467694	-0.269380223	-0.455242813	-1.071599654	-0.944718731	1.049725731	0.508288289	0.236753808	0.157658788	-1.149602864	-0.088550035
KSTdGD80.79	0.837679588	0.560014512	0.777170015	-0.26573607	-0.547165139	-0.460949288	-0.082973134	-0.117723467	-0.041521581	0.041193668	0.149582636	-0.195655745	-0.5723599	-0.977334012	-1.373387553	-0.009868123	-0.558108572	-1.053620902	0.214986752	-1.018236471	0.008594925
KSTdGD80.8	0.527352376	0.210486462	0.448248013	-0.163119342	-0.442354546	-0.493467513	-0.495447097	-0.500244942	-0.380497461	-0.163958209	-0.040151453	-0.439581489	-1.115781981	-1.200023555	-1.370357962	1.492328264	0.967600654	0.162795725	0.097583324	-0.879532853	0.229095338
KSTdGD80.80	-0.167840236	-0.422701936	-0.19588746	-0.326331174	-0.620196342	-0.456936021	0.024197244	0.001707535	0.171703361	-0.137159906	-0.025579368	-0.313915656	-0.173483184	-0.626320669	-0.62774935	0.421836077	-0.123610229	-0.537907025	2.130453936	0.915019015	1.837047226
KSTdGD80.81	0.697306093	0.426081721	0.586205876	0.627873655	0.341591947	0.558656389	0.175640998	0.151299025	0.290866629	-0.040552328	0.05141329	-0.164710145	-0.80919721	-1.292570333	-1.408051598	0.539027472	0.071425742	-0.292771869	0.41709478	-0.841043361	0.118314539
KSTdGD80.82	0.702065366	0.425373299	0.568054314	0.083215385	-0.181733244	0.003842283	-0.217326944	-0.24173501	-0.119000998	0.030791208	0.153002181	-0.062871449	-0.500494953	-0.864682806	-0.948725706	1.363341023	0.842618295	0.645877495	0.321923561	-0.735990318	0.13952751
KSTdGD80.83	0.375822364	0.107633189	0.238270192	-0.737250516	-0.999070436	-0.917213132	0.073499688	0.036836864	0.17754139	-0.13396802	-0.016249006	-0.408670931	-0.232563873	-0.766035465	-1.05769971	-0.154447239	-0.703812372	-1.117275031	0.464352355	-0.787499234	0.031296354
KSTdGD80.84	0.110117827	-0.189014985	-0.006831251	0.107614261	-0.20622986	0.083410924	0.137352985	0.118174297	0.228011194	-0.1487321	-0.042684604	-0.255390861	0.22049277	-0.172963754	-0.522063178	1.630474546	1.098332096	0.76497631	1.58890309	0.437143011	1.414368681
KSTdGD80.87	-0.410626945	-0.700581009	-0.567514047	0.292522092	0.03514789	0.188292882	-0.174446097	-0.202563663	-0.105249982	-0.546278547	-0.443572889	-0.737533912	-0.110641902	-0.512268993	-0.814382381	1.273351454	0.73470804	0.215861567	1.150297551	-0.012938691	0.5631535
KSTdGD80.89	0.177494228	-0.096989751	0.098487005	-0.258249324	-0.512828825	-0.304137563	0.022789786	-0.003333198	0.110216756	-0.315536505	-0.198852757	-0.492273544	0.554743641	0.301579864	0.112265133	-0.113532581	-0.647354829	-1.142618975	0.667207106	-0.491420929	0.296595705
KSTdGD80.9	-0.045975135	-0.314573137	-0.173570056	0.357576984	0.081567086	0.280163201	-0.148357544	-0.171358571	-0.069613389	-0.347795097	-0.246989918	-0.549893598	-0.49800799	-0.918838172	-1.188433877	1.754897515	1.207974489	0.753798807	0.413728623	-0.809130217	-0.078871416
KSTdGD80.90	0.084696663	-0.189642978	0.077114456	-0.720013135	-0.977011043	-0.807948638	0.126029868	0.097741106	0.231629993	-0.206568591	-0.079909655	-0.433034597	-0.900435031	-0.993900095	-0.937424902	-0.125392237	-0.698829239	-1.069736096	-0.060167162	-1.222973736	-0.479954213
KSTdGD80.93	-0.214783418	-0.496390094	-0.327395953	0.230932571	-0.063136209	0.095638939	0.056847051	0.034472292	0.127071446	-0.101077922	0.01333936	-0.306125349	0.042214969	-0.381952999	-0.465514132	0.477964191	-0.073171191	-0.490009149	0.781412207	-0.39395968	0.515234593
KSTdGD80.94	-0.798022758	-1.080633053	-0.915247499	-0.40878351	-0.671628488	-0.448774624	-0.11100304	-0.13256068	-0.042610477	-0.473923991	-0.385801928	-0.654218596	0.178450528	-0.457755226	-0.661885073	0.90658277	0.382210876	-0.148411892	0.481845574	-0.786655319	-0.123374605
KSTdGD80.95	0.131479486	-0.140319884	0.084228615	-0.35103496	-0.611498642	-0.439469066	-0.156557435	-0.176411623	-0.033763901	-0.068795767	0.049007283	-0.25463907	-0.604226203	-0.888380308	-1.144485952	0.548443894	-0.0024282	-0.324515139	0.64306471	-0.550503761	0.425353224
KSTdGD80.96	0.521957006	0.267112399	0.383215256	-0.02789785	-0.300016313	-0.002092079	0.0645466	0.03194638	0.178872472	0.056972388	0.1724916	-0.195921834	0.29877778	-0.171998609	-0.426412794	0.033718485	-0.525884619	-1.036464721	1.067437534	-0.337432879	0.573306273
KSTdGD80.98	0.285444691	0.008272276	0.249482234	-0.032012388	-0.305693172	-0.168470273	0.156631735	0.141943937	0.250518424	-0.020416126	0.087009098	-0.170078754	0.24313716	-0.050772151	-0.184476895	0.332812823	-0.201639222	-0.508615627	1.064332392	-0.098441451	0.721074106
KSTdGD80.99	-0.131650764	-0.399243348	-0.249179762	0.615115069	0.320966959	0.497519808	-0.241556462	-0.253467522	-0.128297505	-0.077792544	0.033455887	-0.267391825	-0.493219854	-1.076890968	-1.166508349	1.84904449	1.325180214	0.876053285	-0.104794473	-1.328056961	-0.463103404
